1000 960 2440 2400 0 2
1860 120 3300 1560 0 2
1860 8520 3300 9960 0 2
1860 12720 3300 14160 0 2
2720 960 4160 2400 0 2
5300 14400 6740 15840 0 2
5300 21960 6740 23400 0 2
5300 29520 6740 30960 0 2
6160 12720 7600 14160 0 2
6160 27840 7600 29280 0 2
6160 42960 7600 44400 0 2
7020 960 8460 2400 0 2
7020 5160 8460 6600 0 2
7020 13560 8460 15000 0 2
7020 16080 8460 17520 0 2
7020 20280 8460 21720 0 2
7020 28680 8460 30120 0 2
7020 31200 8460 32640 0 2
7020 35400 8460 36840 0 2
7020 43800 8460 45240 0 2
7880 12720 9320 14160 0 2
7880 27840 9320 29280 0 2
7880 42960 9320 44400 0 2
11320 12720 12760 14160 0 2
11320 27840 12760 29280 0 2
11320 42960 12760 44400 0 2
12180 960 13620 2400 0 2
12180 5160 13620 6600 0 2
12180 13560 13620 15000 0 2
12180 16080 13620 17520 0 2
12180 20280 13620 21720 0 2
12180 28680 13620 30120 0 2
12180 31200 13620 32640 0 2
12180 35400 13620 36840 0 2
12180 43800 13620 45240 0 2
13040 12720 14480 14160 0 2
13040 27840 14480 29280 0 2
13040 42960 14480 44400 0 2
13900 960 15340 2400 0 2
13900 5160 15340 6600 0 2
13900 13560 15340 15000 0 2
13900 16080 15340 17520 0 2
13900 20280 15340 21720 0 2
13900 28680 15340 30120 0 2
13900 31200 15340 32640 0 2
13900 35400 15340 36840 0 2
13900 43800 15340 45240 0 2
14760 12720 16200 14160 0 2
14760 27840 16200 29280 0 2
14760 42960 16200 44400 0 2
18200 12720 19640 14160 0 2
18200 27840 19640 29280 0 2
18200 42960 19640 44400 0 2
19060 960 20500 2400 0 2
19060 5160 20500 6600 0 2
19060 13560 20500 15000 0 2
19060 16080 20500 17520 0 2
19060 20280 20500 21720 0 2
19060 28680 20500 30120 0 2
19060 31200 20500 32640 0 2
19060 35400 20500 36840 0 2
19060 43800 20500 45240 0 2
19920 12720 21360 14160 0 2
19920 27840 21360 29280 0 2
19920 42960 21360 44400 0 2
20780 960 22220 2400 0 2
20780 5160 22220 6600 0 2
20780 13560 22220 15000 0 2
20780 16080 22220 17520 0 2
20780 20280 22220 21720 0 2
20780 28680 22220 30120 0 2
20780 31200 22220 32640 0 2
20780 35400 22220 36840 0 2
20780 43800 22220 45240 0 2
21640 12720 23080 14160 0 2
21640 27840 23080 29280 0 2
21640 42960 23080 44400 0 2
25080 12720 26520 14160 0 2
25080 27840 26520 29280 0 2
25080 42960 26520 44400 0 2
25940 960 27380 2400 0 2
25940 5160 27380 6600 0 2
25940 13560 27380 15000 0 2
25940 16080 27380 17520 0 2
25940 20280 27380 21720 0 2
25940 28680 27380 30120 0 2
25940 31200 27380 32640 0 2
25940 35400 27380 36840 0 2
25940 43800 27380 45240 0 2
26800 12720 28240 14160 0 2
26800 27840 28240 29280 0 2
26800 42960 28240 44400 0 2
2800 1040 4080 2320 1 2
2800 12800 4080 14080 1 2
6240 1040 7520 2320 1 2
6240 6920 7520 8200 1 2
6240 12800 7520 14080 1 2
6240 14480 7520 15760 1 2
6240 16160 7520 17440 1 2
6240 22040 7520 23320 1 2
6240 27920 7520 29200 1 2
6240 29600 7520 30880 1 2
6240 31280 7520 32560 1 2
6240 43040 7520 44320 1 2
12260 12800 13540 14080 1 2
12260 27920 13540 29200 1 2
12260 43040 13540 44320 1 2
13120 1040 14400 2320 1 2
13120 16160 14400 17440 1 2
13120 31280 14400 32560 1 2
26880 1040 28160 2320 1 2
26880 6920 28160 8200 1 2
26880 12800 28160 14080 1 2
26880 16160 28160 17440 1 2
26880 27920 28160 29200 1 2
26880 31280 28160 32560 1 2
26880 43040 28160 44320 1 2
2640 6760 4240 8360 2 2
6080 6760 7680 8360 2 2
