-80 560 3520 1120 1 2
-80 560 3520 1120 2 2
-100 560 3540 1120 0 2
-100 560 3540 1120 1 2
-80 8960 3520 9520 1 2
-80 8960 3520 9520 2 2
-100 8960 3540 9520 0 2
-100 8960 3540 9520 1 2
780 1400 4380 1960 1 2
780 1400 4380 1960 2 2
760 1400 4400 1960 0 2
760 1400 4400 1960 1 2
780 13160 4380 13720 1 2
780 13160 4380 13720 2 2
760 13160 4400 13720 0 2
760 13160 4400 13720 1 2
1470 220 1970 8180 0 2
1470 220 1970 8180 1 2
2330 220 2830 8180 0 2
2330 220 2830 8180 1 2
2330 7780 2830 10700 0 2
2330 7780 2830 10700 1 2
2330 11980 2830 14900 0 2
2330 11980 2830 14900 1 2
2500 6760 4380 8360 3 2
2500 6760 4380 8360 4 2
2500 6760 4380 8360 2 2
2500 6760 4380 8360 3 2
3160 710 3720 14410 2 2
3160 710 3720 14410 3 2
3160 760 3720 14360 1 2
3160 760 3720 14360 2 2
3160 6540 3720 8580 2 2
3160 6540 3720 8580 3 2
3160 6590 3720 8530 1 2
3160 6590 3720 8530 2 2
3190 220 3690 8180 0 2
3190 220 3690 8180 1 2
2830 6760 7490 8360 3 2
2830 6760 7490 8360 4 2
2830 6760 7490 8360 2 2
2830 6760 7490 8360 3 2
5080 14840 6960 15400 1 2
5080 14840 6960 15400 2 2
5060 14840 6980 15400 0 2
5060 14840 6980 15400 1 2
5080 22400 6960 22960 1 2
5080 22400 6960 22960 2 2
5060 22400 6980 22960 0 2
5060 22400 6980 22960 1 2
5080 29960 6960 30520 1 2
5080 29960 6960 30520 2 2
5060 29960 6980 30520 0 2
5060 29960 6980 30520 1 2
5770 14500 6270 15740 0 2
5770 14500 6270 15740 1 2
5770 14670 6270 30690 0 2
5770 14670 6270 30690 1 2
5770 22060 6270 23300 0 2
5770 22060 6270 23300 1 2
5770 29620 6270 30860 0 2
5770 29620 6270 30860 1 2
5420 14840 7480 15400 1 2
5420 14840 7480 15400 2 2
5400 14840 7500 15400 0 2
5400 14840 7500 15400 1 2
5420 22400 7480 22960 1 2
5420 22400 7480 22960 2 2
5400 22400 7500 22960 0 2
5400 22400 7500 22960 1 2
5420 29960 7480 30520 1 2
5420 29960 7480 30520 2 2
5400 29960 7500 30520 0 2
5400 29960 7500 30520 1 2
5940 1400 9540 1960 1 2
5940 1400 9540 1960 2 2
5920 1400 9560 1960 0 2
5920 1400 9560 1960 1 2
5940 13160 9540 13720 1 2
5940 13160 9540 13720 2 2
5920 13160 9560 13720 0 2
5920 13160 9560 13720 1 2
5940 16520 9540 17080 1 2
5940 16520 9540 17080 2 2
5920 16520 9560 17080 0 2
5920 16520 9560 17080 1 2
5940 28280 9540 28840 1 2
5940 28280 9540 28840 2 2
5920 28280 9560 28840 0 2
5920 28280 9560 28840 1 2
5940 31640 9540 32200 1 2
5940 31640 9540 32200 2 2
5920 31640 9560 32200 0 2
5920 31640 9560 32200 1 2
5940 43400 9540 43960 1 2
5940 43400 9540 43960 2 2
5920 43400 9560 43960 0 2
5920 43400 9560 43960 1 2
5940 6760 7820 8360 3 2
5940 6760 7820 8360 4 2
5940 6760 7820 8360 2 2
5940 6760 7820 8360 3 2
5960 7280 7800 7840 1 2
5960 7280 7800 7840 2 2
5940 7280 7820 7840 0 2
5940 7280 7820 7840 1 2
5960 14840 7800 15400 1 2
5960 14840 7800 15400 2 2
5940 14840 7820 15400 0 2
5940 14840 7820 15400 1 2
5960 22400 7800 22960 1 2
5960 22400 7800 22960 2 2
5940 22400 7820 22960 0 2
5940 22400 7820 22960 1 2
5960 29960 7800 30520 1 2
5960 29960 7800 30520 2 2
5940 29960 7820 30520 0 2
5940 29960 7820 30520 1 2
6600 710 7160 14410 2 2
6600 710 7160 14410 3 2
6600 760 7160 14360 1 2
6600 760 7160 14360 2 2
6600 6540 7160 8580 2 2
6600 6540 7160 8580 3 2
6600 6590 7160 8530 1 2
6600 6590 7160 8530 2 2
6600 6590 7160 8530 2 2
6600 6590 7160 8530 3 2
6600 6640 7160 8480 1 2
6600 6640 7160 8480 2 2
6600 12790 7160 15770 2 2
6600 12790 7160 15770 3 2
6600 12840 7160 15720 1 2
6600 12840 7160 15720 2 2
6600 14150 7160 16090 2 2
6600 14150 7160 16090 3 2
6600 14200 7160 16040 1 2
6600 14200 7160 16040 2 2
6600 15830 7160 29530 2 2
6600 15830 7160 29530 3 2
6600 15880 7160 29480 1 2
6600 15880 7160 29480 2 2
6600 21660 7160 23700 2 2
6600 21660 7160 23700 3 2
6600 21710 7160 23650 1 2
6600 21710 7160 23650 2 2
6600 21710 7160 23650 2 2
6600 21710 7160 23650 3 2
6600 21760 7160 23600 1 2
6600 21760 7160 23600 2 2
6600 29270 7160 31210 2 2
6600 29270 7160 31210 3 2
6600 29320 7160 31160 1 2
6600 29320 7160 31160 2 2
6600 29590 7160 32570 2 2
6600 29590 7160 32570 3 2
6600 29640 7160 32520 1 2
6600 29640 7160 32520 2 2
6600 30950 7160 44650 2 2
6600 30950 7160 44650 3 2
6600 31000 7160 44600 1 2
6600 31000 7160 44600 2 2
6630 6940 7130 14900 0 2
6630 6940 7130 14900 1 2
6630 22060 7130 30020 0 2
6630 22060 7130 30020 1 2
6630 37180 7130 45140 0 2
6630 37180 7130 45140 1 2
6280 7280 28120 7840 1 2
6280 7280 28120 7840 2 2
6260 7280 28140 7840 0 2
6260 7280 28140 7840 1 2
6800 5600 10400 6160 1 2
6800 5600 10400 6160 2 2
6780 5600 10420 6160 0 2
6780 5600 10420 6160 1 2
6800 14000 10400 14560 1 2
6800 14000 10400 14560 2 2
6780 14000 10420 14560 0 2
6780 14000 10420 14560 1 2
6800 20720 10400 21280 1 2
6800 20720 10400 21280 2 2
6780 20720 10420 21280 0 2
6780 20720 10420 21280 1 2
6800 29120 10400 29680 1 2
6800 29120 10400 29680 2 2
6780 29120 10420 29680 0 2
6780 29120 10420 29680 1 2
6800 35840 10400 36400 1 2
6800 35840 10400 36400 2 2
6780 35840 10420 36400 0 2
6780 35840 10420 36400 1 2
6800 44240 10400 44800 1 2
6800 44240 10400 44800 2 2
6780 44240 10420 44800 0 2
6780 44240 10420 44800 1 2
7490 220 7990 3140 0 2
7490 220 7990 3140 1 2
7490 4420 7990 7340 0 2
7490 4420 7990 7340 1 2
7490 6940 7990 14900 0 2
7490 6940 7990 14900 1 2
7490 15340 7990 18260 0 2
7490 15340 7990 18260 1 2
7490 19540 7990 22460 0 2
7490 19540 7990 22460 1 2
7490 22060 7990 30020 0 2
7490 22060 7990 30020 1 2
7490 30460 7990 33380 0 2
7490 30460 7990 33380 1 2
7490 34660 7990 37580 0 2
7490 34660 7990 37580 1 2
7490 37180 7990 45140 0 2
7490 37180 7990 45140 1 2
8350 6940 8850 14900 0 2
8350 6940 8850 14900 1 2
8350 22060 8850 30020 0 2
8350 22060 8850 30020 1 2
8350 37180 8850 45140 0 2
8350 37180 8850 45140 1 2
8860 5600 13500 6160 1 2
8860 5600 13500 6160 2 2
8840 5600 13520 6160 0 2
8840 5600 13520 6160 1 2
8860 14000 13500 14560 1 2
8860 14000 13500 14560 2 2
8840 14000 13520 14560 0 2
8840 14000 13520 14560 1 2
8860 20720 13500 21280 1 2
8860 20720 13500 21280 2 2
8840 20720 13520 21280 0 2
8840 20720 13520 21280 1 2
8860 29120 13500 29680 1 2
8860 29120 13500 29680 2 2
8840 29120 13520 29680 0 2
8840 29120 13520 29680 1 2
8860 35840 13500 36400 1 2
8860 35840 13500 36400 2 2
8840 35840 13520 36400 0 2
8840 35840 13520 36400 1 2
8860 44240 13500 44800 1 2
8860 44240 13500 44800 2 2
8840 44240 13520 44800 0 2
8840 44240 13520 44800 1 2
11790 6940 12290 14900 0 2
11790 6940 12290 14900 1 2
11790 22060 12290 30020 0 2
11790 22060 12290 30020 1 2
11790 37180 12290 45140 0 2
11790 37180 12290 45140 1 2
11960 1400 15560 1960 1 2
11960 1400 15560 1960 2 2
11940 1400 15580 1960 0 2
11940 1400 15580 1960 1 2
11960 5600 15560 6160 1 2
11960 5600 15560 6160 2 2
11940 5600 15580 6160 0 2
11940 5600 15580 6160 1 2
11960 14000 15560 14560 1 2
11960 14000 15560 14560 2 2
11940 14000 15580 14560 0 2
11940 14000 15580 14560 1 2
11960 16520 15560 17080 1 2
11960 16520 15560 17080 2 2
11940 16520 15580 17080 0 2
11940 16520 15580 17080 1 2
11960 20720 15560 21280 1 2
11960 20720 15560 21280 2 2
11940 20720 15580 21280 0 2
11940 20720 15580 21280 1 2
11960 29120 15560 29680 1 2
11960 29120 15560 29680 2 2
11940 29120 15580 29680 0 2
11940 29120 15580 29680 1 2
11960 31640 15560 32200 1 2
11960 31640 15560 32200 2 2
11940 31640 15580 32200 0 2
11940 31640 15580 32200 1 2
11960 35840 15560 36400 1 2
11960 35840 15560 36400 2 2
11940 35840 15580 36400 0 2
11940 35840 15580 36400 1 2
11960 44240 15560 44800 1 2
11960 44240 15560 44800 2 2
11940 44240 15580 44800 0 2
11940 44240 15580 44800 1 2
12650 220 13150 3140 0 2
12650 220 13150 3140 1 2
12650 4420 13150 7340 0 2
12650 4420 13150 7340 1 2
12650 6940 13150 14900 0 2
12650 6940 13150 14900 1 2
12650 15340 13150 18260 0 2
12650 15340 13150 18260 1 2
12650 19540 13150 22460 0 2
12650 19540 13150 22460 1 2
12650 22060 13150 30020 0 2
12650 22060 13150 30020 1 2
12650 30460 13150 33380 0 2
12650 30460 13150 33380 1 2
12650 34660 13150 37580 0 2
12650 34660 13150 37580 1 2
12650 37180 13150 45140 0 2
12650 37180 13150 45140 1 2
12840 1400 14680 1960 1 2
12840 1400 14680 1960 2 2
12820 1400 14700 1960 0 2
12820 1400 14700 1960 1 2
12840 16520 14680 17080 1 2
12840 16520 14680 17080 2 2
12820 16520 14700 17080 0 2
12820 16520 14700 17080 1 2
12840 31640 14680 32200 1 2
12840 31640 14680 32200 2 2
12820 31640 14700 32200 0 2
12820 31640 14700 32200 1 2
13480 710 14040 2650 2 2
13480 710 14040 2650 3 2
13480 760 14040 2600 1 2
13480 760 14040 2600 2 2
13480 1030 14040 32570 2 2
13480 1030 14040 32570 3 2
13480 1080 14040 32520 1 2
13480 1080 14040 32520 2 2
13480 15780 14040 17820 2 2
13480 15780 14040 17820 3 2
13480 15830 14040 17770 1 2
13480 15830 14040 17770 2 2
13480 15830 14040 17770 2 2
13480 15830 14040 17770 3 2
13480 15880 14040 17720 1 2
13480 15880 14040 17720 2 2
13480 30950 14040 32890 2 2
13480 30950 14040 32890 3 2
13480 31000 14040 32840 1 2
13480 31000 14040 32840 2 2
13510 6940 14010 14900 0 2
13510 6940 14010 14900 1 2
13510 22060 14010 30020 0 2
13510 22060 14010 30020 1 2
13510 37180 14010 45140 0 2
13510 37180 14010 45140 1 2
14370 220 14870 3140 0 2
14370 220 14870 3140 1 2
14370 4420 14870 7340 0 2
14370 4420 14870 7340 1 2
14370 6940 14870 14900 0 2
14370 6940 14870 14900 1 2
14370 15340 14870 18260 0 2
14370 15340 14870 18260 1 2
14370 19540 14870 22460 0 2
14370 19540 14870 22460 1 2
14370 22060 14870 30020 0 2
14370 22060 14870 30020 1 2
14370 30460 14870 33380 0 2
14370 30460 14870 33380 1 2
14370 34660 14870 37580 0 2
14370 34660 14870 37580 1 2
14370 37180 14870 45140 0 2
14370 37180 14870 45140 1 2
14020 1400 20380 1960 1 2
14020 1400 20380 1960 2 2
14000 1400 20400 1960 0 2
14000 1400 20400 1960 1 2
14020 16520 20380 17080 1 2
14020 16520 20380 17080 2 2
14000 16520 20400 17080 0 2
14000 16520 20400 17080 1 2
14020 31640 20380 32200 1 2
14020 31640 20380 32200 2 2
14000 31640 20400 32200 0 2
14000 31640 20400 32200 1 2
15230 6940 15730 14900 0 2
15230 6940 15730 14900 1 2
15230 22060 15730 30020 0 2
15230 22060 15730 30020 1 2
15230 37180 15730 45140 0 2
15230 37180 15730 45140 1 2
18670 6940 19170 14900 0 2
18670 6940 19170 14900 1 2
18670 22060 19170 30020 0 2
18670 22060 19170 30020 1 2
18670 37180 19170 45140 0 2
18670 37180 19170 45140 1 2
18840 1400 22440 1960 1 2
18840 1400 22440 1960 2 2
18820 1400 22460 1960 0 2
18820 1400 22460 1960 1 2
18840 5600 22440 6160 1 2
18840 5600 22440 6160 2 2
18820 5600 22460 6160 0 2
18820 5600 22460 6160 1 2
18840 14000 22440 14560 1 2
18840 14000 22440 14560 2 2
18820 14000 22460 14560 0 2
18820 14000 22460 14560 1 2
18840 16520 22440 17080 1 2
18840 16520 22440 17080 2 2
18820 16520 22460 17080 0 2
18820 16520 22460 17080 1 2
18840 20720 22440 21280 1 2
18840 20720 22440 21280 2 2
18820 20720 22460 21280 0 2
18820 20720 22460 21280 1 2
18840 29120 22440 29680 1 2
18840 29120 22440 29680 2 2
18820 29120 22460 29680 0 2
18820 29120 22460 29680 1 2
18840 31640 22440 32200 1 2
18840 31640 22440 32200 2 2
18820 31640 22460 32200 0 2
18820 31640 22460 32200 1 2
18840 35840 22440 36400 1 2
18840 35840 22440 36400 2 2
18820 35840 22460 36400 0 2
18820 35840 22460 36400 1 2
18840 44240 22440 44800 1 2
18840 44240 22440 44800 2 2
18820 44240 22460 44800 0 2
18820 44240 22460 44800 1 2
19530 220 20030 3140 0 2
19530 220 20030 3140 1 2
19530 4420 20030 7340 0 2
19530 4420 20030 7340 1 2
19530 6940 20030 14900 0 2
19530 6940 20030 14900 1 2
19530 15340 20030 18260 0 2
19530 15340 20030 18260 1 2
19530 19540 20030 22460 0 2
19530 19540 20030 22460 1 2
19530 22060 20030 30020 0 2
19530 22060 20030 30020 1 2
19530 30460 20030 33380 0 2
19530 30460 20030 33380 1 2
19530 34660 20030 37580 0 2
19530 34660 20030 37580 1 2
19530 37180 20030 45140 0 2
19530 37180 20030 45140 1 2
20390 6940 20890 14900 0 2
20390 6940 20890 14900 1 2
20390 22060 20890 30020 0 2
20390 22060 20890 30020 1 2
20390 37180 20890 45140 0 2
20390 37180 20890 45140 1 2
21250 220 21750 3140 0 2
21250 220 21750 3140 1 2
21250 4420 21750 7340 0 2
21250 4420 21750 7340 1 2
21250 6940 21750 14900 0 2
21250 6940 21750 14900 1 2
21250 15340 21750 18260 0 2
21250 15340 21750 18260 1 2
21250 19540 21750 22460 0 2
21250 19540 21750 22460 1 2
21250 22060 21750 30020 0 2
21250 22060 21750 30020 1 2
21250 30460 21750 33380 0 2
21250 30460 21750 33380 1 2
21250 34660 21750 37580 0 2
21250 34660 21750 37580 1 2
21250 37180 21750 45140 0 2
21250 37180 21750 45140 1 2
20900 5600 25540 6160 1 2
20900 5600 25540 6160 2 2
20880 5600 25560 6160 0 2
20880 5600 25560 6160 1 2
20900 14000 25540 14560 1 2
20900 14000 25540 14560 2 2
20880 14000 25560 14560 0 2
20880 14000 25560 14560 1 2
20900 20720 25540 21280 1 2
20900 20720 25540 21280 2 2
20880 20720 25560 21280 0 2
20880 20720 25560 21280 1 2
20900 29120 25540 29680 1 2
20900 29120 25540 29680 2 2
20880 29120 25560 29680 0 2
20880 29120 25560 29680 1 2
20900 35840 25540 36400 1 2
20900 35840 25540 36400 2 2
20880 35840 25560 36400 0 2
20880 35840 25560 36400 1 2
20900 44240 25540 44800 1 2
20900 44240 25540 44800 2 2
20880 44240 25560 44800 0 2
20880 44240 25560 44800 1 2
22110 6940 22610 14900 0 2
22110 6940 22610 14900 1 2
22110 22060 22610 30020 0 2
22110 22060 22610 30020 1 2
22110 37180 22610 45140 0 2
22110 37180 22610 45140 1 2
24000 5600 27600 6160 1 2
24000 5600 27600 6160 2 2
23980 5600 27620 6160 0 2
23980 5600 27620 6160 1 2
24000 14000 27600 14560 1 2
24000 14000 27600 14560 2 2
23980 14000 27620 14560 0 2
23980 14000 27620 14560 1 2
24000 20720 27600 21280 1 2
24000 20720 27600 21280 2 2
23980 20720 27620 21280 0 2
23980 20720 27620 21280 1 2
24000 29120 27600 29680 1 2
24000 29120 27600 29680 2 2
23980 29120 27620 29680 0 2
23980 29120 27620 29680 1 2
24000 35840 27600 36400 1 2
24000 35840 27600 36400 2 2
23980 35840 27620 36400 0 2
23980 35840 27620 36400 1 2
24000 44240 27600 44800 1 2
24000 44240 27600 44800 2 2
23980 44240 27620 44800 0 2
23980 44240 27620 44800 1 2
24860 1400 28460 1960 1 2
24860 1400 28460 1960 2 2
24840 1400 28480 1960 0 2
24840 1400 28480 1960 1 2
24860 13160 28460 13720 1 2
24860 13160 28460 13720 2 2
24840 13160 28480 13720 0 2
24840 13160 28480 13720 1 2
24860 16520 28460 17080 1 2
24860 16520 28460 17080 2 2
24840 16520 28480 17080 0 2
24840 16520 28480 17080 1 2
24860 28280 28460 28840 1 2
24860 28280 28460 28840 2 2
24840 28280 28480 28840 0 2
24840 28280 28480 28840 1 2
24860 31640 28460 32200 1 2
24860 31640 28460 32200 2 2
24840 31640 28480 32200 0 2
24840 31640 28480 32200 1 2
24860 43400 28460 43960 1 2
24860 43400 28460 43960 2 2
24840 43400 28480 43960 0 2
24840 43400 28480 43960 1 2
25550 6940 26050 14900 0 2
25550 6940 26050 14900 1 2
25550 22060 26050 30020 0 2
25550 22060 26050 30020 1 2
25550 37180 26050 45140 0 2
25550 37180 26050 45140 1 2
26410 220 26910 3140 0 2
26410 220 26910 3140 1 2
26410 4420 26910 7340 0 2
26410 4420 26910 7340 1 2
26410 6940 26910 14900 0 2
26410 6940 26910 14900 1 2
26410 15340 26910 18260 0 2
26410 15340 26910 18260 1 2
26410 19540 26910 22460 0 2
26410 19540 26910 22460 1 2
26410 22060 26910 30020 0 2
26410 22060 26910 30020 1 2
26410 30460 26910 33380 0 2
26410 30460 26910 33380 1 2
26410 34660 26910 37580 0 2
26410 34660 26910 37580 1 2
26410 37180 26910 45140 0 2
26410 37180 26910 45140 1 2
26600 7280 28440 7840 1 2
26600 7280 28440 7840 2 2
26580 7280 28460 7840 0 2
26580 7280 28460 7840 1 2
27240 710 27800 14410 2 2
27240 710 27800 14410 3 2
27240 760 27800 14360 1 2
27240 760 27800 14360 2 2
27240 6540 27800 8580 2 2
27240 6540 27800 8580 3 2
27240 6590 27800 8530 1 2
27240 6590 27800 8530 2 2
27240 6590 27800 8530 2 2
27240 6590 27800 8530 3 2
27240 6640 27800 8480 1 2
27240 6640 27800 8480 2 2
27240 12790 27800 17450 2 2
27240 12790 27800 17450 3 2
27240 12840 27800 17400 1 2
27240 12840 27800 17400 2 2
27240 15830 27800 29530 2 2
27240 15830 27800 29530 3 2
27240 15880 27800 29480 1 2
27240 15880 27800 29480 2 2
27240 27910 27800 32570 2 2
27240 27910 27800 32570 3 2
27240 27960 27800 32520 1 2
27240 27960 27800 32520 2 2
27240 30950 27800 44650 2 2
27240 30950 27800 44650 3 2
27240 31000 27800 44600 1 2
27240 31000 27800 44600 2 2
27270 6940 27770 14900 0 2
27270 6940 27770 14900 1 2
27270 22060 27770 30020 0 2
27270 22060 27770 30020 1 2
27270 37180 27770 45140 0 2
27270 37180 27770 45140 1 2
