0 0 0 0
0 840 0 0
0 1680 0 0
0 2520 0 0
0 3360 0 0
0 4200 0 0
0 5040 0 0
0 5880 0 0
0 6720 0 0
0 7560 0 0
0 8400 0 0
0 9240 0 0
0 10080 0 0
0 10920 0 0
0 11760 0 0
0 12600 0 0
0 13440 0 0
0 14280 0 0
0 15120 0 0
0 15960 0 0
0 16800 0 0
0 17640 0 0
0 18480 0 0
0 19320 0 0
0 20160 0 0
0 21000 0 0
0 21840 0 0
0 22680 0 0
0 23520 0 0
0 24360 0 0
0 25200 0 0
0 26040 0 0
0 26880 0 0
0 27720 0 0
0 28560 0 0
0 29400 0 0
0 30240 0 0
0 31080 0 0
0 31920 0 0
0 32760 0 0
0 33600 0 0
0 34440 0 0
0 35280 0 0
0 36120 0 0
0 36960 0 0
0 37800 0 0
0 38640 0 0
0 39480 0 0
0 40320 0 0
0 41160 0 0
0 42000 0 0
0 42840 0 0
0 43680 0 0
0 44520 0 0
0 45360 0 0
860 0 0 0
860 840 0 0
860 1680 0 0
860 2520 0 0
860 3360 0 0
860 4200 0 0
860 5040 0 0
860 5880 0 0
860 6720 0 0
860 7560 0 0
860 8400 0 0
860 9240 0 0
860 10080 0 0
860 10920 0 0
860 11760 0 0
860 12600 0 0
860 13440 0 0
860 14280 0 0
860 15120 0 0
860 15960 0 0
860 16800 0 0
860 17640 0 0
860 18480 0 0
860 19320 0 0
860 20160 0 0
860 21000 0 0
860 21840 0 0
860 22680 0 0
860 23520 0 0
860 24360 0 0
860 25200 0 0
860 26040 0 0
860 26880 0 0
860 27720 0 0
860 28560 0 0
860 29400 0 0
860 30240 0 0
860 31080 0 0
860 31920 0 0
860 32760 0 0
860 33600 0 0
860 34440 0 0
860 35280 0 0
860 36120 0 0
860 36960 0 0
860 37800 0 0
860 38640 0 0
860 39480 0 0
860 40320 0 0
860 41160 0 0
860 42000 0 0
860 42840 0 0
860 43680 0 0
860 44520 0 0
860 45360 0 0
1720 0 0 0
1720 8400 0 0
1720 9240 0 0
1720 10080 0 0
1720 10920 0 0
1720 11760 0 0
1720 12600 0 0
1720 13440 0 0
1720 14280 0 0
1720 15120 0 0
1720 15960 0 0
1720 16800 0 0
1720 17640 0 0
1720 18480 0 0
1720 19320 0 0
1720 20160 0 0
1720 21000 0 0
1720 21840 0 0
1720 22680 0 0
1720 23520 0 0
1720 24360 0 0
1720 25200 0 0
1720 26040 0 0
1720 26880 0 0
1720 27720 0 0
1720 28560 0 0
1720 29400 0 0
1720 30240 0 0
1720 31080 0 0
1720 31920 0 0
1720 32760 0 0
1720 33600 0 0
1720 34440 0 0
1720 35280 0 0
1720 36120 0 0
1720 36960 0 0
1720 37800 0 0
1720 38640 0 0
1720 39480 0 0
1720 40320 0 0
1720 41160 0 0
1720 42000 0 0
1720 42840 0 0
1720 43680 0 0
1720 44520 0 0
1720 45360 0 0
2580 0 0 0
2580 10920 0 0
2580 11760 0 0
2580 15120 0 0
2580 15960 0 0
2580 16800 0 0
2580 17640 0 0
2580 18480 0 0
2580 19320 0 0
2580 20160 0 0
2580 21000 0 0
2580 21840 0 0
2580 22680 0 0
2580 23520 0 0
2580 24360 0 0
2580 25200 0 0
2580 26040 0 0
2580 26880 0 0
2580 27720 0 0
2580 28560 0 0
2580 29400 0 0
2580 30240 0 0
2580 31080 0 0
2580 31920 0 0
2580 32760 0 0
2580 33600 0 0
2580 34440 0 0
2580 35280 0 0
2580 36120 0 0
2580 36960 0 0
2580 37800 0 0
2580 38640 0 0
2580 39480 0 0
2580 40320 0 0
2580 41160 0 0
2580 42000 0 0
2580 42840 0 0
2580 43680 0 0
2580 44520 0 0
2580 45360 0 0
3440 0 0 0
3440 8400 0 0
3440 9240 0 0
3440 10080 0 0
3440 10920 0 0
3440 11760 0 0
3440 12600 0 0
3440 13440 0 0
3440 14280 0 0
3440 15120 0 0
3440 15960 0 0
3440 16800 0 0
3440 17640 0 0
3440 18480 0 0
3440 19320 0 0
3440 20160 0 0
3440 21000 0 0
3440 21840 0 0
3440 22680 0 0
3440 23520 0 0
3440 24360 0 0
3440 25200 0 0
3440 26040 0 0
3440 26880 0 0
3440 27720 0 0
3440 28560 0 0
3440 29400 0 0
3440 30240 0 0
3440 31080 0 0
3440 31920 0 0
3440 32760 0 0
3440 33600 0 0
3440 34440 0 0
3440 35280 0 0
3440 36120 0 0
3440 36960 0 0
3440 37800 0 0
3440 38640 0 0
3440 39480 0 0
3440 40320 0 0
3440 41160 0 0
3440 42000 0 0
3440 42840 0 0
3440 43680 0 0
3440 44520 0 0
3440 45360 0 0
4300 0 0 0
4300 840 0 0
4300 1680 0 0
4300 2520 0 0
4300 3360 0 0
4300 4200 0 0
4300 5040 0 0
4300 5880 0 0
4300 6720 0 0
4300 7560 0 0
4300 8400 0 0
4300 9240 0 0
4300 10080 0 0
4300 10920 0 0
4300 11760 0 0
4300 12600 0 0
4300 13440 0 0
4300 14280 0 0
4300 15120 0 0
4300 15960 0 0
4300 16800 0 0
4300 17640 0 0
4300 18480 0 0
4300 19320 0 0
4300 20160 0 0
4300 21000 0 0
4300 21840 0 0
4300 22680 0 0
4300 23520 0 0
4300 24360 0 0
4300 25200 0 0
4300 26040 0 0
4300 26880 0 0
4300 27720 0 0
4300 28560 0 0
4300 29400 0 0
4300 30240 0 0
4300 31080 0 0
4300 31920 0 0
4300 32760 0 0
4300 33600 0 0
4300 34440 0 0
4300 35280 0 0
4300 36120 0 0
4300 36960 0 0
4300 37800 0 0
4300 38640 0 0
4300 39480 0 0
4300 40320 0 0
4300 41160 0 0
4300 42000 0 0
4300 42840 0 0
4300 43680 0 0
4300 44520 0 0
4300 45360 0 0
5160 0 0 0
5160 840 0 0
5160 1680 0 0
5160 2520 0 0
5160 3360 0 0
5160 4200 0 0
5160 5040 0 0
5160 5880 0 0
5160 6720 0 0
5160 7560 0 0
5160 8400 0 0
5160 9240 0 0
5160 10080 0 0
5160 10920 0 0
5160 11760 0 0
5160 12600 0 0
5160 13440 0 0
5160 16800 0 0
5160 17640 0 0
5160 18480 0 0
5160 19320 0 0
5160 20160 0 0
5160 21000 0 0
5160 24360 0 0
5160 25200 0 0
5160 26040 0 0
5160 26880 0 0
5160 27720 0 0
5160 28560 0 0
5160 31920 0 0
5160 32760 0 0
5160 33600 0 0
5160 34440 0 0
5160 35280 0 0
5160 36120 0 0
5160 36960 0 0
5160 37800 0 0
5160 38640 0 0
5160 39480 0 0
5160 40320 0 0
5160 41160 0 0
5160 42000 0 0
5160 42840 0 0
5160 43680 0 0
5160 44520 0 0
5160 45360 0 0
6020 0 0 0
6020 840 0 0
6020 1680 0 0
6020 2520 0 0
6020 3360 0 0
6020 4200 0 0
6020 5040 0 0
6020 5880 0 0
6020 6720 0 0
6020 7560 0 0
6020 8400 0 0
6020 9240 0 0
6020 10080 0 0
6020 10920 0 0
6020 11760 0 0
6020 12600 0 0
6020 13440 0 0
6020 31920 0 0
6020 32760 0 0
6020 33600 0 0
6020 34440 0 0
6020 35280 0 0
6020 36120 0 0
6020 36960 0 0
6020 37800 0 0
6020 38640 0 0
6020 39480 0 0
6020 40320 0 0
6020 41160 0 0
6020 42000 0 0
6020 42840 0 0
6020 43680 0 0
6020 44520 0 0
6020 45360 0 0
6880 0 0 0
6880 840 0 0
6880 1680 0 0
6880 2520 0 0
6880 3360 0 0
6880 4200 0 0
6880 5040 0 0
6880 5880 0 0
6880 6720 0 0
6880 16800 0 0
6880 17640 0 0
6880 18480 0 0
6880 19320 0 0
6880 20160 0 0
6880 21000 0 0
6880 31920 0 0
6880 32760 0 0
6880 33600 0 0
6880 34440 0 0
6880 35280 0 0
6880 36120 0 0
6880 36960 0 0
6880 45360 0 0
7740 0 0 0
7740 3360 0 0
7740 4200 0 0
7740 15120 0 0
7740 18480 0 0
7740 19320 0 0
7740 30240 0 0
7740 33600 0 0
7740 34440 0 0
7740 45360 0 0
8600 0 0 0
8600 840 0 0
8600 1680 0 0
8600 2520 0 0
8600 3360 0 0
8600 4200 0 0
8600 5040 0 0
8600 5880 0 0
8600 6720 0 0
8600 15120 0 0
8600 15960 0 0
8600 16800 0 0
8600 17640 0 0
8600 18480 0 0
8600 19320 0 0
8600 20160 0 0
8600 21000 0 0
8600 21840 0 0
8600 30240 0 0
8600 31080 0 0
8600 31920 0 0
8600 32760 0 0
8600 33600 0 0
8600 34440 0 0
8600 35280 0 0
8600 36120 0 0
8600 36960 0 0
8600 45360 0 0
9460 0 0 0
9460 840 0 0
9460 1680 0 0
9460 2520 0 0
9460 3360 0 0
9460 4200 0 0
9460 5040 0 0
9460 5880 0 0
9460 6720 0 0
9460 7560 0 0
9460 8400 0 0
9460 9240 0 0
9460 10080 0 0
9460 10920 0 0
9460 11760 0 0
9460 12600 0 0
9460 13440 0 0
9460 14280 0 0
9460 15120 0 0
9460 15960 0 0
9460 16800 0 0
9460 17640 0 0
9460 18480 0 0
9460 19320 0 0
9460 20160 0 0
9460 21000 0 0
9460 21840 0 0
9460 22680 0 0
9460 23520 0 0
9460 24360 0 0
9460 25200 0 0
9460 26040 0 0
9460 26880 0 0
9460 27720 0 0
9460 28560 0 0
9460 29400 0 0
9460 30240 0 0
9460 31080 0 0
9460 31920 0 0
9460 32760 0 0
9460 33600 0 0
9460 34440 0 0
9460 35280 0 0
9460 36120 0 0
9460 36960 0 0
9460 37800 0 0
9460 38640 0 0
9460 39480 0 0
9460 40320 0 0
9460 41160 0 0
9460 42000 0 0
9460 42840 0 0
9460 43680 0 0
9460 44520 0 0
9460 45360 0 0
10320 0 0 0
10320 840 0 0
10320 1680 0 0
10320 2520 0 0
10320 3360 0 0
10320 4200 0 0
10320 5040 0 0
10320 5880 0 0
10320 6720 0 0
10320 7560 0 0
10320 8400 0 0
10320 9240 0 0
10320 10080 0 0
10320 10920 0 0
10320 11760 0 0
10320 12600 0 0
10320 13440 0 0
10320 14280 0 0
10320 15120 0 0
10320 15960 0 0
10320 16800 0 0
10320 17640 0 0
10320 18480 0 0
10320 19320 0 0
10320 20160 0 0
10320 21000 0 0
10320 21840 0 0
10320 22680 0 0
10320 23520 0 0
10320 24360 0 0
10320 25200 0 0
10320 26040 0 0
10320 26880 0 0
10320 27720 0 0
10320 28560 0 0
10320 29400 0 0
10320 30240 0 0
10320 31080 0 0
10320 31920 0 0
10320 32760 0 0
10320 33600 0 0
10320 34440 0 0
10320 35280 0 0
10320 36120 0 0
10320 36960 0 0
10320 37800 0 0
10320 38640 0 0
10320 39480 0 0
10320 40320 0 0
10320 41160 0 0
10320 42000 0 0
10320 42840 0 0
10320 43680 0 0
10320 44520 0 0
10320 45360 0 0
11180 0 0 0
11180 840 0 0
11180 1680 0 0
11180 2520 0 0
11180 3360 0 0
11180 4200 0 0
11180 5040 0 0
11180 5880 0 0
11180 6720 0 0
11180 7560 0 0
11180 8400 0 0
11180 9240 0 0
11180 10080 0 0
11180 10920 0 0
11180 11760 0 0
11180 12600 0 0
11180 13440 0 0
11180 14280 0 0
11180 15120 0 0
11180 15960 0 0
11180 16800 0 0
11180 17640 0 0
11180 18480 0 0
11180 19320 0 0
11180 20160 0 0
11180 21000 0 0
11180 21840 0 0
11180 22680 0 0
11180 23520 0 0
11180 24360 0 0
11180 25200 0 0
11180 26040 0 0
11180 26880 0 0
11180 27720 0 0
11180 28560 0 0
11180 29400 0 0
11180 30240 0 0
11180 31080 0 0
11180 31920 0 0
11180 32760 0 0
11180 33600 0 0
11180 34440 0 0
11180 35280 0 0
11180 36120 0 0
11180 36960 0 0
11180 37800 0 0
11180 38640 0 0
11180 39480 0 0
11180 40320 0 0
11180 41160 0 0
11180 42000 0 0
11180 42840 0 0
11180 43680 0 0
11180 44520 0 0
11180 45360 0 0
12040 0 0 0
12040 840 0 0
12040 1680 0 0
12040 2520 0 0
12040 3360 0 0
12040 4200 0 0
12040 5040 0 0
12040 5880 0 0
12040 6720 0 0
12040 15120 0 0
12040 15960 0 0
12040 16800 0 0
12040 17640 0 0
12040 18480 0 0
12040 19320 0 0
12040 20160 0 0
12040 21000 0 0
12040 21840 0 0
12040 30240 0 0
12040 31080 0 0
12040 31920 0 0
12040 32760 0 0
12040 33600 0 0
12040 34440 0 0
12040 35280 0 0
12040 36120 0 0
12040 36960 0 0
12040 45360 0 0
12900 0 0 0
12900 3360 0 0
12900 4200 0 0
12900 15120 0 0
12900 18480 0 0
12900 19320 0 0
12900 30240 0 0
12900 33600 0 0
12900 34440 0 0
12900 45360 0 0
13760 0 0 0
13760 840 0 0
13760 1680 0 0
13760 2520 0 0
13760 3360 0 0
13760 4200 0 0
13760 5040 0 0
13760 5880 0 0
13760 6720 0 0
13760 15120 0 0
13760 15960 0 0
13760 16800 0 0
13760 17640 0 0
13760 18480 0 0
13760 19320 0 0
13760 20160 0 0
13760 21000 0 0
13760 21840 0 0
13760 30240 0 0
13760 31080 0 0
13760 31920 0 0
13760 32760 0 0
13760 33600 0 0
13760 34440 0 0
13760 35280 0 0
13760 36120 0 0
13760 36960 0 0
13760 45360 0 0
14620 0 0 0
14620 3360 0 0
14620 4200 0 0
14620 15120 0 0
14620 18480 0 0
14620 19320 0 0
14620 30240 0 0
14620 33600 0 0
14620 34440 0 0
14620 45360 0 0
15480 0 0 0
15480 840 0 0
15480 1680 0 0
15480 2520 0 0
15480 3360 0 0
15480 4200 0 0
15480 5040 0 0
15480 5880 0 0
15480 6720 0 0
15480 15120 0 0
15480 15960 0 0
15480 16800 0 0
15480 17640 0 0
15480 18480 0 0
15480 19320 0 0
15480 20160 0 0
15480 21000 0 0
15480 21840 0 0
15480 30240 0 0
15480 31080 0 0
15480 31920 0 0
15480 32760 0 0
15480 33600 0 0
15480 34440 0 0
15480 35280 0 0
15480 36120 0 0
15480 36960 0 0
15480 45360 0 0
16340 0 0 0
16340 840 0 0
16340 1680 0 0
16340 2520 0 0
16340 3360 0 0
16340 4200 0 0
16340 5040 0 0
16340 5880 0 0
16340 6720 0 0
16340 7560 0 0
16340 8400 0 0
16340 9240 0 0
16340 10080 0 0
16340 10920 0 0
16340 11760 0 0
16340 12600 0 0
16340 13440 0 0
16340 14280 0 0
16340 15120 0 0
16340 15960 0 0
16340 16800 0 0
16340 17640 0 0
16340 18480 0 0
16340 19320 0 0
16340 20160 0 0
16340 21000 0 0
16340 21840 0 0
16340 22680 0 0
16340 23520 0 0
16340 24360 0 0
16340 25200 0 0
16340 26040 0 0
16340 26880 0 0
16340 27720 0 0
16340 28560 0 0
16340 29400 0 0
16340 30240 0 0
16340 31080 0 0
16340 31920 0 0
16340 32760 0 0
16340 33600 0 0
16340 34440 0 0
16340 35280 0 0
16340 36120 0 0
16340 36960 0 0
16340 37800 0 0
16340 38640 0 0
16340 39480 0 0
16340 40320 0 0
16340 41160 0 0
16340 42000 0 0
16340 42840 0 0
16340 43680 0 0
16340 44520 0 0
16340 45360 0 0
17200 0 0 0
17200 840 0 0
17200 1680 0 0
17200 2520 0 0
17200 3360 0 0
17200 4200 0 0
17200 5040 0 0
17200 5880 0 0
17200 6720 0 0
17200 7560 0 0
17200 8400 0 0
17200 9240 0 0
17200 10080 0 0
17200 10920 0 0
17200 11760 0 0
17200 12600 0 0
17200 13440 0 0
17200 14280 0 0
17200 15120 0 0
17200 15960 0 0
17200 16800 0 0
17200 17640 0 0
17200 18480 0 0
17200 19320 0 0
17200 20160 0 0
17200 21000 0 0
17200 21840 0 0
17200 22680 0 0
17200 23520 0 0
17200 24360 0 0
17200 25200 0 0
17200 26040 0 0
17200 26880 0 0
17200 27720 0 0
17200 28560 0 0
17200 29400 0 0
17200 30240 0 0
17200 31080 0 0
17200 31920 0 0
17200 32760 0 0
17200 33600 0 0
17200 34440 0 0
17200 35280 0 0
17200 36120 0 0
17200 36960 0 0
17200 37800 0 0
17200 38640 0 0
17200 39480 0 0
17200 40320 0 0
17200 41160 0 0
17200 42000 0 0
17200 42840 0 0
17200 43680 0 0
17200 44520 0 0
17200 45360 0 0
18060 0 0 0
18060 840 0 0
18060 1680 0 0
18060 2520 0 0
18060 3360 0 0
18060 4200 0 0
18060 5040 0 0
18060 5880 0 0
18060 6720 0 0
18060 7560 0 0
18060 8400 0 0
18060 9240 0 0
18060 10080 0 0
18060 10920 0 0
18060 11760 0 0
18060 12600 0 0
18060 13440 0 0
18060 14280 0 0
18060 15120 0 0
18060 15960 0 0
18060 16800 0 0
18060 17640 0 0
18060 18480 0 0
18060 19320 0 0
18060 20160 0 0
18060 21000 0 0
18060 21840 0 0
18060 22680 0 0
18060 23520 0 0
18060 24360 0 0
18060 25200 0 0
18060 26040 0 0
18060 26880 0 0
18060 27720 0 0
18060 28560 0 0
18060 29400 0 0
18060 30240 0 0
18060 31080 0 0
18060 31920 0 0
18060 32760 0 0
18060 33600 0 0
18060 34440 0 0
18060 35280 0 0
18060 36120 0 0
18060 36960 0 0
18060 37800 0 0
18060 38640 0 0
18060 39480 0 0
18060 40320 0 0
18060 41160 0 0
18060 42000 0 0
18060 42840 0 0
18060 43680 0 0
18060 44520 0 0
18060 45360 0 0
18920 0 0 0
18920 840 0 0
18920 1680 0 0
18920 2520 0 0
18920 3360 0 0
18920 4200 0 0
18920 5040 0 0
18920 5880 0 0
18920 6720 0 0
18920 15120 0 0
18920 15960 0 0
18920 16800 0 0
18920 17640 0 0
18920 18480 0 0
18920 19320 0 0
18920 20160 0 0
18920 21000 0 0
18920 21840 0 0
18920 30240 0 0
18920 31080 0 0
18920 31920 0 0
18920 32760 0 0
18920 33600 0 0
18920 34440 0 0
18920 35280 0 0
18920 36120 0 0
18920 36960 0 0
18920 45360 0 0
19780 0 0 0
19780 3360 0 0
19780 4200 0 0
19780 15120 0 0
19780 18480 0 0
19780 19320 0 0
19780 30240 0 0
19780 33600 0 0
19780 34440 0 0
19780 45360 0 0
20640 0 0 0
20640 840 0 0
20640 1680 0 0
20640 2520 0 0
20640 3360 0 0
20640 4200 0 0
20640 5040 0 0
20640 5880 0 0
20640 6720 0 0
20640 15120 0 0
20640 15960 0 0
20640 16800 0 0
20640 17640 0 0
20640 18480 0 0
20640 19320 0 0
20640 20160 0 0
20640 21000 0 0
20640 21840 0 0
20640 30240 0 0
20640 31080 0 0
20640 31920 0 0
20640 32760 0 0
20640 33600 0 0
20640 34440 0 0
20640 35280 0 0
20640 36120 0 0
20640 36960 0 0
20640 45360 0 0
21500 0 0 0
21500 3360 0 0
21500 4200 0 0
21500 15120 0 0
21500 18480 0 0
21500 19320 0 0
21500 30240 0 0
21500 33600 0 0
21500 34440 0 0
21500 45360 0 0
22360 0 0 0
22360 840 0 0
22360 1680 0 0
22360 2520 0 0
22360 3360 0 0
22360 4200 0 0
22360 5040 0 0
22360 5880 0 0
22360 6720 0 0
22360 15120 0 0
22360 15960 0 0
22360 16800 0 0
22360 17640 0 0
22360 18480 0 0
22360 19320 0 0
22360 20160 0 0
22360 21000 0 0
22360 21840 0 0
22360 30240 0 0
22360 31080 0 0
22360 31920 0 0
22360 32760 0 0
22360 33600 0 0
22360 34440 0 0
22360 35280 0 0
22360 36120 0 0
22360 36960 0 0
22360 45360 0 0
23220 0 0 0
23220 840 0 0
23220 1680 0 0
23220 2520 0 0
23220 3360 0 0
23220 4200 0 0
23220 5040 0 0
23220 5880 0 0
23220 6720 0 0
23220 7560 0 0
23220 8400 0 0
23220 9240 0 0
23220 10080 0 0
23220 10920 0 0
23220 11760 0 0
23220 12600 0 0
23220 13440 0 0
23220 14280 0 0
23220 15120 0 0
23220 15960 0 0
23220 16800 0 0
23220 17640 0 0
23220 18480 0 0
23220 19320 0 0
23220 20160 0 0
23220 21000 0 0
23220 21840 0 0
23220 22680 0 0
23220 23520 0 0
23220 24360 0 0
23220 25200 0 0
23220 26040 0 0
23220 26880 0 0
23220 27720 0 0
23220 28560 0 0
23220 29400 0 0
23220 30240 0 0
23220 31080 0 0
23220 31920 0 0
23220 32760 0 0
23220 33600 0 0
23220 34440 0 0
23220 35280 0 0
23220 36120 0 0
23220 36960 0 0
23220 37800 0 0
23220 38640 0 0
23220 39480 0 0
23220 40320 0 0
23220 41160 0 0
23220 42000 0 0
23220 42840 0 0
23220 43680 0 0
23220 44520 0 0
23220 45360 0 0
24080 0 0 0
24080 840 0 0
24080 1680 0 0
24080 2520 0 0
24080 3360 0 0
24080 4200 0 0
24080 5040 0 0
24080 5880 0 0
24080 6720 0 0
24080 7560 0 0
24080 8400 0 0
24080 9240 0 0
24080 10080 0 0
24080 10920 0 0
24080 11760 0 0
24080 12600 0 0
24080 13440 0 0
24080 14280 0 0
24080 15120 0 0
24080 15960 0 0
24080 16800 0 0
24080 17640 0 0
24080 18480 0 0
24080 19320 0 0
24080 20160 0 0
24080 21000 0 0
24080 21840 0 0
24080 22680 0 0
24080 23520 0 0
24080 24360 0 0
24080 25200 0 0
24080 26040 0 0
24080 26880 0 0
24080 27720 0 0
24080 28560 0 0
24080 29400 0 0
24080 30240 0 0
24080 31080 0 0
24080 31920 0 0
24080 32760 0 0
24080 33600 0 0
24080 34440 0 0
24080 35280 0 0
24080 36120 0 0
24080 36960 0 0
24080 37800 0 0
24080 38640 0 0
24080 39480 0 0
24080 40320 0 0
24080 41160 0 0
24080 42000 0 0
24080 42840 0 0
24080 43680 0 0
24080 44520 0 0
24080 45360 0 0
24940 0 0 0
24940 840 0 0
24940 1680 0 0
24940 2520 0 0
24940 3360 0 0
24940 4200 0 0
24940 5040 0 0
24940 5880 0 0
24940 6720 0 0
24940 7560 0 0
24940 8400 0 0
24940 9240 0 0
24940 10080 0 0
24940 10920 0 0
24940 11760 0 0
24940 12600 0 0
24940 13440 0 0
24940 14280 0 0
24940 15120 0 0
24940 15960 0 0
24940 16800 0 0
24940 17640 0 0
24940 18480 0 0
24940 19320 0 0
24940 20160 0 0
24940 21000 0 0
24940 21840 0 0
24940 22680 0 0
24940 23520 0 0
24940 24360 0 0
24940 25200 0 0
24940 26040 0 0
24940 26880 0 0
24940 27720 0 0
24940 28560 0 0
24940 29400 0 0
24940 30240 0 0
24940 31080 0 0
24940 31920 0 0
24940 32760 0 0
24940 33600 0 0
24940 34440 0 0
24940 35280 0 0
24940 36120 0 0
24940 36960 0 0
24940 37800 0 0
24940 38640 0 0
24940 39480 0 0
24940 40320 0 0
24940 41160 0 0
24940 42000 0 0
24940 42840 0 0
24940 43680 0 0
24940 44520 0 0
24940 45360 0 0
25800 0 0 0
25800 840 0 0
25800 1680 0 0
25800 2520 0 0
25800 3360 0 0
25800 4200 0 0
25800 5040 0 0
25800 5880 0 0
25800 6720 0 0
25800 15120 0 0
25800 15960 0 0
25800 16800 0 0
25800 17640 0 0
25800 18480 0 0
25800 19320 0 0
25800 20160 0 0
25800 21000 0 0
25800 21840 0 0
25800 30240 0 0
25800 31080 0 0
25800 31920 0 0
25800 32760 0 0
25800 33600 0 0
25800 34440 0 0
25800 35280 0 0
25800 36120 0 0
25800 36960 0 0
25800 45360 0 0
26660 0 0 0
26660 3360 0 0
26660 4200 0 0
26660 15120 0 0
26660 18480 0 0
26660 19320 0 0
26660 30240 0 0
26660 33600 0 0
26660 34440 0 0
26660 45360 0 0
27520 0 0 0
27520 840 0 0
27520 1680 0 0
27520 2520 0 0
27520 3360 0 0
27520 4200 0 0
27520 5040 0 0
27520 5880 0 0
27520 6720 0 0
27520 15120 0 0
27520 15960 0 0
27520 16800 0 0
27520 17640 0 0
27520 18480 0 0
27520 19320 0 0
27520 20160 0 0
27520 21000 0 0
27520 21840 0 0
27520 30240 0 0
27520 31080 0 0
27520 31920 0 0
27520 32760 0 0
27520 33600 0 0
27520 34440 0 0
27520 35280 0 0
27520 36120 0 0
27520 36960 0 0
27520 45360 0 0
28380 0 0 0
28380 840 0 0
28380 1680 0 0
28380 2520 0 0
28380 3360 0 0
28380 4200 0 0
28380 5040 0 0
28380 5880 0 0
28380 6720 0 0
28380 7560 0 0
28380 8400 0 0
28380 9240 0 0
28380 10080 0 0
28380 10920 0 0
28380 11760 0 0
28380 12600 0 0
28380 13440 0 0
28380 14280 0 0
28380 15120 0 0
28380 15960 0 0
28380 16800 0 0
28380 17640 0 0
28380 18480 0 0
28380 19320 0 0
28380 20160 0 0
28380 21000 0 0
28380 21840 0 0
28380 22680 0 0
28380 23520 0 0
28380 24360 0 0
28380 25200 0 0
28380 26040 0 0
28380 26880 0 0
28380 27720 0 0
28380 28560 0 0
28380 29400 0 0
28380 30240 0 0
28380 31080 0 0
28380 31920 0 0
28380 32760 0 0
28380 33600 0 0
28380 34440 0 0
28380 35280 0 0
28380 36120 0 0
28380 36960 0 0
28380 37800 0 0
28380 38640 0 0
28380 39480 0 0
28380 40320 0 0
28380 41160 0 0
28380 42000 0 0
28380 42840 0 0
28380 43680 0 0
28380 44520 0 0
28380 45360 0 0
29240 0 0 0
29240 840 0 0
29240 1680 0 0
29240 2520 0 0
29240 3360 0 0
29240 4200 0 0
29240 5040 0 0
29240 5880 0 0
29240 6720 0 0
29240 7560 0 0
29240 8400 0 0
29240 9240 0 0
29240 10080 0 0
29240 10920 0 0
29240 11760 0 0
29240 12600 0 0
29240 13440 0 0
29240 14280 0 0
29240 15120 0 0
29240 15960 0 0
29240 16800 0 0
29240 17640 0 0
29240 18480 0 0
29240 19320 0 0
29240 20160 0 0
29240 21000 0 0
29240 21840 0 0
29240 22680 0 0
29240 23520 0 0
29240 24360 0 0
29240 25200 0 0
29240 26040 0 0
29240 26880 0 0
29240 27720 0 0
29240 28560 0 0
29240 29400 0 0
29240 30240 0 0
29240 31080 0 0
29240 31920 0 0
29240 32760 0 0
29240 33600 0 0
29240 34440 0 0
29240 35280 0 0
29240 36120 0 0
29240 36960 0 0
29240 37800 0 0
29240 38640 0 0
29240 39480 0 0
29240 40320 0 0
29240 41160 0 0
29240 42000 0 0
29240 42840 0 0
29240 43680 0 0
29240 44520 0 0
29240 45360 0 0
0 0 1 0
860 0 1 0
1720 0 1 0
2580 0 1 0
3440 0 1 0
4300 0 1 0
5160 0 1 0
6020 0 1 0
6880 0 1 0
7740 0 1 0
8600 0 1 0
9460 0 1 0
10320 0 1 0
11180 0 1 0
12040 0 1 0
12900 0 1 0
13760 0 1 0
14620 0 1 0
15480 0 1 0
16340 0 1 0
17200 0 1 0
18060 0 1 0
18920 0 1 0
19780 0 1 0
20640 0 1 0
21500 0 1 0
22360 0 1 0
23220 0 1 0
24080 0 1 0
24940 0 1 0
25800 0 1 0
26660 0 1 0
27520 0 1 0
28380 0 1 0
29240 0 1 0
4300 840 1 0
5160 840 1 0
6020 840 1 0
6880 840 1 0
7740 840 1 0
8600 840 1 0
9460 840 1 0
10320 840 1 0
11180 840 1 0
12040 840 1 0
12900 840 1 0
14620 840 1 0
15480 840 1 0
16340 840 1 0
17200 840 1 0
18060 840 1 0
18920 840 1 0
19780 840 1 0
20640 840 1 0
21500 840 1 0
22360 840 1 0
23220 840 1 0
24080 840 1 0
24940 840 1 0
25800 840 1 0
26660 840 1 0
27520 840 1 0
28380 840 1 0
29240 840 1 0
0 1680 1 0
5160 1680 1 0
10320 1680 1 0
11180 1680 1 0
23220 1680 1 0
24080 1680 1 0
29240 1680 1 0
0 2520 1 0
860 2520 1 0
1720 2520 1 0
2580 2520 1 0
3440 2520 1 0
4300 2520 1 0
5160 2520 1 0
6020 2520 1 0
6880 2520 1 0
7740 2520 1 0
8600 2520 1 0
9460 2520 1 0
10320 2520 1 0
11180 2520 1 0
12040 2520 1 0
12900 2520 1 0
14620 2520 1 0
15480 2520 1 0
16340 2520 1 0
17200 2520 1 0
18060 2520 1 0
18920 2520 1 0
19780 2520 1 0
20640 2520 1 0
21500 2520 1 0
22360 2520 1 0
23220 2520 1 0
24080 2520 1 0
24940 2520 1 0
25800 2520 1 0
26660 2520 1 0
27520 2520 1 0
28380 2520 1 0
29240 2520 1 0
0 3360 1 0
860 3360 1 0
1720 3360 1 0
2580 3360 1 0
3440 3360 1 0
4300 3360 1 0
5160 3360 1 0
6020 3360 1 0
6880 3360 1 0
7740 3360 1 0
8600 3360 1 0
9460 3360 1 0
10320 3360 1 0
11180 3360 1 0
12040 3360 1 0
12900 3360 1 0
13760 3360 1 0
14620 3360 1 0
15480 3360 1 0
16340 3360 1 0
17200 3360 1 0
18060 3360 1 0
18920 3360 1 0
19780 3360 1 0
20640 3360 1 0
21500 3360 1 0
22360 3360 1 0
23220 3360 1 0
24080 3360 1 0
24940 3360 1 0
25800 3360 1 0
26660 3360 1 0
27520 3360 1 0
28380 3360 1 0
29240 3360 1 0
0 4200 1 0
860 4200 1 0
1720 4200 1 0
2580 4200 1 0
3440 4200 1 0
4300 4200 1 0
5160 4200 1 0
6020 4200 1 0
6880 4200 1 0
7740 4200 1 0
8600 4200 1 0
9460 4200 1 0
10320 4200 1 0
11180 4200 1 0
12040 4200 1 0
12900 4200 1 0
13760 4200 1 0
14620 4200 1 0
15480 4200 1 0
16340 4200 1 0
17200 4200 1 0
18060 4200 1 0
18920 4200 1 0
19780 4200 1 0
20640 4200 1 0
21500 4200 1 0
22360 4200 1 0
23220 4200 1 0
24080 4200 1 0
24940 4200 1 0
25800 4200 1 0
26660 4200 1 0
27520 4200 1 0
28380 4200 1 0
29240 4200 1 0
0 5040 1 0
860 5040 1 0
1720 5040 1 0
2580 5040 1 0
3440 5040 1 0
4300 5040 1 0
5160 5040 1 0
6020 5040 1 0
6880 5040 1 0
7740 5040 1 0
8600 5040 1 0
9460 5040 1 0
10320 5040 1 0
11180 5040 1 0
12040 5040 1 0
12900 5040 1 0
13760 5040 1 0
14620 5040 1 0
15480 5040 1 0
16340 5040 1 0
17200 5040 1 0
18060 5040 1 0
18920 5040 1 0
19780 5040 1 0
20640 5040 1 0
21500 5040 1 0
22360 5040 1 0
23220 5040 1 0
24080 5040 1 0
24940 5040 1 0
25800 5040 1 0
26660 5040 1 0
27520 5040 1 0
28380 5040 1 0
29240 5040 1 0
0 5880 1 0
860 5880 1 0
1720 5880 1 0
2580 5880 1 0
3440 5880 1 0
4300 5880 1 0
5160 5880 1 0
6020 5880 1 0
16340 5880 1 0
17200 5880 1 0
18060 5880 1 0
28380 5880 1 0
29240 5880 1 0
0 6720 1 0
860 6720 1 0
1720 6720 1 0
2580 6720 1 0
3440 6720 1 0
4300 6720 1 0
5160 6720 1 0
6020 6720 1 0
7740 6720 1 0
8600 6720 1 0
9460 6720 1 0
10320 6720 1 0
11180 6720 1 0
12040 6720 1 0
12900 6720 1 0
13760 6720 1 0
14620 6720 1 0
15480 6720 1 0
16340 6720 1 0
17200 6720 1 0
18060 6720 1 0
18920 6720 1 0
19780 6720 1 0
20640 6720 1 0
21500 6720 1 0
22360 6720 1 0
23220 6720 1 0
24080 6720 1 0
24940 6720 1 0
25800 6720 1 0
26660 6720 1 0
28380 6720 1 0
29240 6720 1 0
0 7560 1 0
860 7560 1 0
1720 7560 1 0
2580 7560 1 0
3440 7560 1 0
4300 7560 1 0
5160 7560 1 0
29240 7560 1 0
0 8400 1 0
860 8400 1 0
1720 8400 1 0
2580 8400 1 0
3440 8400 1 0
4300 8400 1 0
5160 8400 1 0
6020 8400 1 0
7740 8400 1 0
8600 8400 1 0
9460 8400 1 0
10320 8400 1 0
11180 8400 1 0
12040 8400 1 0
12900 8400 1 0
13760 8400 1 0
14620 8400 1 0
15480 8400 1 0
16340 8400 1 0
17200 8400 1 0
18060 8400 1 0
18920 8400 1 0
19780 8400 1 0
20640 8400 1 0
21500 8400 1 0
22360 8400 1 0
23220 8400 1 0
24080 8400 1 0
24940 8400 1 0
25800 8400 1 0
26660 8400 1 0
28380 8400 1 0
29240 8400 1 0
4300 9240 1 0
5160 9240 1 0
6020 9240 1 0
6880 9240 1 0
7740 9240 1 0
8600 9240 1 0
9460 9240 1 0
10320 9240 1 0
11180 9240 1 0
12040 9240 1 0
12900 9240 1 0
13760 9240 1 0
14620 9240 1 0
15480 9240 1 0
16340 9240 1 0
17200 9240 1 0
18060 9240 1 0
18920 9240 1 0
19780 9240 1 0
20640 9240 1 0
21500 9240 1 0
22360 9240 1 0
23220 9240 1 0
24080 9240 1 0
24940 9240 1 0
25800 9240 1 0
26660 9240 1 0
27520 9240 1 0
28380 9240 1 0
29240 9240 1 0
0 10080 1 0
860 10080 1 0
1720 10080 1 0
2580 10080 1 0
3440 10080 1 0
4300 10080 1 0
5160 10080 1 0
6020 10080 1 0
6880 10080 1 0
7740 10080 1 0
8600 10080 1 0
9460 10080 1 0
10320 10080 1 0
11180 10080 1 0
12040 10080 1 0
12900 10080 1 0
13760 10080 1 0
14620 10080 1 0
15480 10080 1 0
16340 10080 1 0
17200 10080 1 0
18060 10080 1 0
18920 10080 1 0
19780 10080 1 0
20640 10080 1 0
21500 10080 1 0
22360 10080 1 0
23220 10080 1 0
24080 10080 1 0
24940 10080 1 0
25800 10080 1 0
26660 10080 1 0
27520 10080 1 0
28380 10080 1 0
29240 10080 1 0
0 10920 1 0
860 10920 1 0
1720 10920 1 0
2580 10920 1 0
3440 10920 1 0
4300 10920 1 0
5160 10920 1 0
6020 10920 1 0
6880 10920 1 0
7740 10920 1 0
8600 10920 1 0
9460 10920 1 0
10320 10920 1 0
11180 10920 1 0
12040 10920 1 0
12900 10920 1 0
13760 10920 1 0
14620 10920 1 0
15480 10920 1 0
16340 10920 1 0
17200 10920 1 0
18060 10920 1 0
18920 10920 1 0
19780 10920 1 0
20640 10920 1 0
21500 10920 1 0
22360 10920 1 0
23220 10920 1 0
24080 10920 1 0
24940 10920 1 0
25800 10920 1 0
26660 10920 1 0
27520 10920 1 0
28380 10920 1 0
29240 10920 1 0
0 11760 1 0
860 11760 1 0
1720 11760 1 0
2580 11760 1 0
3440 11760 1 0
4300 11760 1 0
5160 11760 1 0
6020 11760 1 0
6880 11760 1 0
7740 11760 1 0
8600 11760 1 0
9460 11760 1 0
10320 11760 1 0
11180 11760 1 0
12040 11760 1 0
12900 11760 1 0
13760 11760 1 0
14620 11760 1 0
15480 11760 1 0
16340 11760 1 0
17200 11760 1 0
18060 11760 1 0
18920 11760 1 0
19780 11760 1 0
20640 11760 1 0
21500 11760 1 0
22360 11760 1 0
23220 11760 1 0
24080 11760 1 0
24940 11760 1 0
25800 11760 1 0
26660 11760 1 0
27520 11760 1 0
28380 11760 1 0
29240 11760 1 0
0 12600 1 0
860 12600 1 0
1720 12600 1 0
2580 12600 1 0
3440 12600 1 0
4300 12600 1 0
5160 12600 1 0
6020 12600 1 0
6880 12600 1 0
7740 12600 1 0
8600 12600 1 0
9460 12600 1 0
10320 12600 1 0
11180 12600 1 0
12040 12600 1 0
12900 12600 1 0
13760 12600 1 0
14620 12600 1 0
15480 12600 1 0
16340 12600 1 0
17200 12600 1 0
18060 12600 1 0
18920 12600 1 0
19780 12600 1 0
20640 12600 1 0
21500 12600 1 0
22360 12600 1 0
23220 12600 1 0
24080 12600 1 0
24940 12600 1 0
25800 12600 1 0
26660 12600 1 0
27520 12600 1 0
28380 12600 1 0
29240 12600 1 0
0 13440 1 0
5160 13440 1 0
10320 13440 1 0
11180 13440 1 0
14620 13440 1 0
15480 13440 1 0
16340 13440 1 0
17200 13440 1 0
18060 13440 1 0
18920 13440 1 0
19780 13440 1 0
20640 13440 1 0
21500 13440 1 0
22360 13440 1 0
23220 13440 1 0
24080 13440 1 0
29240 13440 1 0
0 14280 1 0
860 14280 1 0
1720 14280 1 0
2580 14280 1 0
3440 14280 1 0
4300 14280 1 0
5160 14280 1 0
6020 14280 1 0
16340 14280 1 0
17200 14280 1 0
18060 14280 1 0
28380 14280 1 0
29240 14280 1 0
0 15120 1 0
860 15120 1 0
1720 15120 1 0
2580 15120 1 0
3440 15120 1 0
4300 15120 1 0
8600 15120 1 0
9460 15120 1 0
10320 15120 1 0
11180 15120 1 0
12040 15120 1 0
12900 15120 1 0
13760 15120 1 0
14620 15120 1 0
15480 15120 1 0
16340 15120 1 0
17200 15120 1 0
18060 15120 1 0
18920 15120 1 0
19780 15120 1 0
20640 15120 1 0
21500 15120 1 0
22360 15120 1 0
23220 15120 1 0
24080 15120 1 0
24940 15120 1 0
25800 15120 1 0
26660 15120 1 0
27520 15120 1 0
28380 15120 1 0
29240 15120 1 0
0 15960 1 0
860 15960 1 0
1720 15960 1 0
2580 15960 1 0
3440 15960 1 0
4300 15960 1 0
5160 15960 1 0
6020 15960 1 0
7740 15960 1 0
8600 15960 1 0
9460 15960 1 0
10320 15960 1 0
11180 15960 1 0
12040 15960 1 0
12900 15960 1 0
14620 15960 1 0
15480 15960 1 0
16340 15960 1 0
17200 15960 1 0
18060 15960 1 0
18920 15960 1 0
19780 15960 1 0
20640 15960 1 0
21500 15960 1 0
22360 15960 1 0
23220 15960 1 0
24080 15960 1 0
24940 15960 1 0
25800 15960 1 0
26660 15960 1 0
27520 15960 1 0
28380 15960 1 0
29240 15960 1 0
0 16800 1 0
860 16800 1 0
1720 16800 1 0
2580 16800 1 0
3440 16800 1 0
4300 16800 1 0
5160 16800 1 0
10320 16800 1 0
11180 16800 1 0
23220 16800 1 0
24080 16800 1 0
29240 16800 1 0
0 17640 1 0
860 17640 1 0
1720 17640 1 0
2580 17640 1 0
3440 17640 1 0
4300 17640 1 0
5160 17640 1 0
6020 17640 1 0
6880 17640 1 0
7740 17640 1 0
8600 17640 1 0
9460 17640 1 0
10320 17640 1 0
11180 17640 1 0
12040 17640 1 0
12900 17640 1 0
14620 17640 1 0
15480 17640 1 0
16340 17640 1 0
17200 17640 1 0
18060 17640 1 0
18920 17640 1 0
19780 17640 1 0
20640 17640 1 0
21500 17640 1 0
22360 17640 1 0
23220 17640 1 0
24080 17640 1 0
24940 17640 1 0
25800 17640 1 0
26660 17640 1 0
27520 17640 1 0
28380 17640 1 0
29240 17640 1 0
0 18480 1 0
860 18480 1 0
1720 18480 1 0
2580 18480 1 0
3440 18480 1 0
4300 18480 1 0
5160 18480 1 0
6020 18480 1 0
6880 18480 1 0
7740 18480 1 0
8600 18480 1 0
9460 18480 1 0
10320 18480 1 0
11180 18480 1 0
12040 18480 1 0
12900 18480 1 0
13760 18480 1 0
14620 18480 1 0
15480 18480 1 0
16340 18480 1 0
17200 18480 1 0
18060 18480 1 0
18920 18480 1 0
19780 18480 1 0
20640 18480 1 0
21500 18480 1 0
22360 18480 1 0
23220 18480 1 0
24080 18480 1 0
24940 18480 1 0
25800 18480 1 0
26660 18480 1 0
27520 18480 1 0
28380 18480 1 0
29240 18480 1 0
0 19320 1 0
860 19320 1 0
1720 19320 1 0
2580 19320 1 0
3440 19320 1 0
4300 19320 1 0
5160 19320 1 0
6020 19320 1 0
6880 19320 1 0
7740 19320 1 0
8600 19320 1 0
9460 19320 1 0
10320 19320 1 0
11180 19320 1 0
12040 19320 1 0
12900 19320 1 0
13760 19320 1 0
14620 19320 1 0
15480 19320 1 0
16340 19320 1 0
17200 19320 1 0
18060 19320 1 0
18920 19320 1 0
19780 19320 1 0
20640 19320 1 0
21500 19320 1 0
22360 19320 1 0
23220 19320 1 0
24080 19320 1 0
24940 19320 1 0
25800 19320 1 0
26660 19320 1 0
27520 19320 1 0
28380 19320 1 0
29240 19320 1 0
0 20160 1 0
860 20160 1 0
1720 20160 1 0
2580 20160 1 0
3440 20160 1 0
4300 20160 1 0
5160 20160 1 0
6020 20160 1 0
6880 20160 1 0
7740 20160 1 0
8600 20160 1 0
9460 20160 1 0
10320 20160 1 0
11180 20160 1 0
12040 20160 1 0
12900 20160 1 0
13760 20160 1 0
14620 20160 1 0
15480 20160 1 0
16340 20160 1 0
17200 20160 1 0
18060 20160 1 0
18920 20160 1 0
19780 20160 1 0
20640 20160 1 0
21500 20160 1 0
22360 20160 1 0
23220 20160 1 0
24080 20160 1 0
24940 20160 1 0
25800 20160 1 0
26660 20160 1 0
27520 20160 1 0
28380 20160 1 0
29240 20160 1 0
0 21000 1 0
860 21000 1 0
1720 21000 1 0
2580 21000 1 0
3440 21000 1 0
4300 21000 1 0
5160 21000 1 0
6020 21000 1 0
16340 21000 1 0
17200 21000 1 0
18060 21000 1 0
28380 21000 1 0
29240 21000 1 0
0 21840 1 0
860 21840 1 0
1720 21840 1 0
2580 21840 1 0
3440 21840 1 0
4300 21840 1 0
5160 21840 1 0
6020 21840 1 0
7740 21840 1 0
8600 21840 1 0
9460 21840 1 0
10320 21840 1 0
11180 21840 1 0
12040 21840 1 0
12900 21840 1 0
13760 21840 1 0
14620 21840 1 0
15480 21840 1 0
16340 21840 1 0
17200 21840 1 0
18060 21840 1 0
18920 21840 1 0
19780 21840 1 0
20640 21840 1 0
21500 21840 1 0
22360 21840 1 0
23220 21840 1 0
24080 21840 1 0
24940 21840 1 0
25800 21840 1 0
26660 21840 1 0
27520 21840 1 0
28380 21840 1 0
29240 21840 1 0
0 22680 1 0
860 22680 1 0
1720 22680 1 0
2580 22680 1 0
3440 22680 1 0
4300 22680 1 0
8600 22680 1 0
9460 22680 1 0
10320 22680 1 0
11180 22680 1 0
12040 22680 1 0
12900 22680 1 0
13760 22680 1 0
14620 22680 1 0
15480 22680 1 0
16340 22680 1 0
17200 22680 1 0
18060 22680 1 0
18920 22680 1 0
19780 22680 1 0
20640 22680 1 0
21500 22680 1 0
22360 22680 1 0
23220 22680 1 0
24080 22680 1 0
24940 22680 1 0
25800 22680 1 0
26660 22680 1 0
27520 22680 1 0
28380 22680 1 0
29240 22680 1 0
0 23520 1 0
860 23520 1 0
1720 23520 1 0
2580 23520 1 0
3440 23520 1 0
4300 23520 1 0
5160 23520 1 0
6020 23520 1 0
7740 23520 1 0
8600 23520 1 0
9460 23520 1 0
10320 23520 1 0
11180 23520 1 0
12040 23520 1 0
12900 23520 1 0
13760 23520 1 0
14620 23520 1 0
15480 23520 1 0
16340 23520 1 0
17200 23520 1 0
18060 23520 1 0
18920 23520 1 0
19780 23520 1 0
20640 23520 1 0
21500 23520 1 0
22360 23520 1 0
23220 23520 1 0
24080 23520 1 0
24940 23520 1 0
25800 23520 1 0
26660 23520 1 0
27520 23520 1 0
28380 23520 1 0
29240 23520 1 0
0 24360 1 0
860 24360 1 0
1720 24360 1 0
2580 24360 1 0
3440 24360 1 0
4300 24360 1 0
5160 24360 1 0
6020 24360 1 0
6880 24360 1 0
7740 24360 1 0
8600 24360 1 0
9460 24360 1 0
10320 24360 1 0
11180 24360 1 0
12040 24360 1 0
12900 24360 1 0
13760 24360 1 0
14620 24360 1 0
15480 24360 1 0
16340 24360 1 0
17200 24360 1 0
18060 24360 1 0
18920 24360 1 0
19780 24360 1 0
20640 24360 1 0
21500 24360 1 0
22360 24360 1 0
23220 24360 1 0
24080 24360 1 0
24940 24360 1 0
25800 24360 1 0
26660 24360 1 0
27520 24360 1 0
28380 24360 1 0
29240 24360 1 0
0 25200 1 0
860 25200 1 0
1720 25200 1 0
2580 25200 1 0
3440 25200 1 0
4300 25200 1 0
5160 25200 1 0
6020 25200 1 0
6880 25200 1 0
7740 25200 1 0
8600 25200 1 0
9460 25200 1 0
10320 25200 1 0
11180 25200 1 0
12040 25200 1 0
12900 25200 1 0
13760 25200 1 0
14620 25200 1 0
15480 25200 1 0
16340 25200 1 0
17200 25200 1 0
18060 25200 1 0
18920 25200 1 0
19780 25200 1 0
20640 25200 1 0
21500 25200 1 0
22360 25200 1 0
23220 25200 1 0
24080 25200 1 0
24940 25200 1 0
25800 25200 1 0
26660 25200 1 0
27520 25200 1 0
28380 25200 1 0
29240 25200 1 0
0 26040 1 0
860 26040 1 0
1720 26040 1 0
2580 26040 1 0
3440 26040 1 0
4300 26040 1 0
5160 26040 1 0
6020 26040 1 0
6880 26040 1 0
7740 26040 1 0
8600 26040 1 0
9460 26040 1 0
10320 26040 1 0
11180 26040 1 0
12040 26040 1 0
12900 26040 1 0
13760 26040 1 0
14620 26040 1 0
15480 26040 1 0
16340 26040 1 0
17200 26040 1 0
18060 26040 1 0
18920 26040 1 0
19780 26040 1 0
20640 26040 1 0
21500 26040 1 0
22360 26040 1 0
23220 26040 1 0
24080 26040 1 0
24940 26040 1 0
25800 26040 1 0
26660 26040 1 0
27520 26040 1 0
28380 26040 1 0
29240 26040 1 0
0 26880 1 0
860 26880 1 0
1720 26880 1 0
2580 26880 1 0
3440 26880 1 0
4300 26880 1 0
5160 26880 1 0
6020 26880 1 0
6880 26880 1 0
7740 26880 1 0
8600 26880 1 0
9460 26880 1 0
10320 26880 1 0
11180 26880 1 0
12040 26880 1 0
12900 26880 1 0
13760 26880 1 0
14620 26880 1 0
15480 26880 1 0
16340 26880 1 0
17200 26880 1 0
18060 26880 1 0
18920 26880 1 0
19780 26880 1 0
20640 26880 1 0
21500 26880 1 0
22360 26880 1 0
23220 26880 1 0
24080 26880 1 0
24940 26880 1 0
25800 26880 1 0
26660 26880 1 0
27520 26880 1 0
28380 26880 1 0
29240 26880 1 0
0 27720 1 0
860 27720 1 0
1720 27720 1 0
2580 27720 1 0
3440 27720 1 0
4300 27720 1 0
5160 27720 1 0
6020 27720 1 0
6880 27720 1 0
7740 27720 1 0
8600 27720 1 0
9460 27720 1 0
10320 27720 1 0
11180 27720 1 0
12040 27720 1 0
12900 27720 1 0
13760 27720 1 0
14620 27720 1 0
15480 27720 1 0
16340 27720 1 0
17200 27720 1 0
18060 27720 1 0
18920 27720 1 0
19780 27720 1 0
20640 27720 1 0
21500 27720 1 0
22360 27720 1 0
23220 27720 1 0
24080 27720 1 0
24940 27720 1 0
25800 27720 1 0
26660 27720 1 0
27520 27720 1 0
28380 27720 1 0
29240 27720 1 0
0 28560 1 0
860 28560 1 0
1720 28560 1 0
2580 28560 1 0
3440 28560 1 0
4300 28560 1 0
5160 28560 1 0
10320 28560 1 0
11180 28560 1 0
14620 28560 1 0
15480 28560 1 0
16340 28560 1 0
17200 28560 1 0
18060 28560 1 0
18920 28560 1 0
19780 28560 1 0
20640 28560 1 0
21500 28560 1 0
22360 28560 1 0
23220 28560 1 0
24080 28560 1 0
29240 28560 1 0
0 29400 1 0
860 29400 1 0
1720 29400 1 0
2580 29400 1 0
3440 29400 1 0
4300 29400 1 0
5160 29400 1 0
6020 29400 1 0
16340 29400 1 0
17200 29400 1 0
18060 29400 1 0
28380 29400 1 0
29240 29400 1 0
0 30240 1 0
860 30240 1 0
1720 30240 1 0
2580 30240 1 0
3440 30240 1 0
4300 30240 1 0
8600 30240 1 0
9460 30240 1 0
10320 30240 1 0
11180 30240 1 0
12040 30240 1 0
12900 30240 1 0
13760 30240 1 0
14620 30240 1 0
15480 30240 1 0
16340 30240 1 0
17200 30240 1 0
18060 30240 1 0
18920 30240 1 0
19780 30240 1 0
20640 30240 1 0
21500 30240 1 0
22360 30240 1 0
23220 30240 1 0
24080 30240 1 0
24940 30240 1 0
25800 30240 1 0
26660 30240 1 0
27520 30240 1 0
28380 30240 1 0
29240 30240 1 0
0 31080 1 0
860 31080 1 0
1720 31080 1 0
2580 31080 1 0
3440 31080 1 0
4300 31080 1 0
5160 31080 1 0
6020 31080 1 0
7740 31080 1 0
8600 31080 1 0
9460 31080 1 0
10320 31080 1 0
11180 31080 1 0
12040 31080 1 0
12900 31080 1 0
14620 31080 1 0
15480 31080 1 0
16340 31080 1 0
17200 31080 1 0
18060 31080 1 0
18920 31080 1 0
19780 31080 1 0
20640 31080 1 0
21500 31080 1 0
22360 31080 1 0
23220 31080 1 0
24080 31080 1 0
24940 31080 1 0
25800 31080 1 0
26660 31080 1 0
27520 31080 1 0
28380 31080 1 0
29240 31080 1 0
0 31920 1 0
860 31920 1 0
1720 31920 1 0
2580 31920 1 0
3440 31920 1 0
4300 31920 1 0
5160 31920 1 0
10320 31920 1 0
11180 31920 1 0
23220 31920 1 0
24080 31920 1 0
29240 31920 1 0
0 32760 1 0
860 32760 1 0
1720 32760 1 0
2580 32760 1 0
3440 32760 1 0
4300 32760 1 0
5160 32760 1 0
6020 32760 1 0
6880 32760 1 0
7740 32760 1 0
8600 32760 1 0
9460 32760 1 0
10320 32760 1 0
11180 32760 1 0
12040 32760 1 0
12900 32760 1 0
14620 32760 1 0
15480 32760 1 0
16340 32760 1 0
17200 32760 1 0
18060 32760 1 0
18920 32760 1 0
19780 32760 1 0
20640 32760 1 0
21500 32760 1 0
22360 32760 1 0
23220 32760 1 0
24080 32760 1 0
24940 32760 1 0
25800 32760 1 0
26660 32760 1 0
27520 32760 1 0
28380 32760 1 0
29240 32760 1 0
0 33600 1 0
860 33600 1 0
1720 33600 1 0
2580 33600 1 0
3440 33600 1 0
4300 33600 1 0
5160 33600 1 0
6020 33600 1 0
6880 33600 1 0
7740 33600 1 0
8600 33600 1 0
9460 33600 1 0
10320 33600 1 0
11180 33600 1 0
12040 33600 1 0
12900 33600 1 0
13760 33600 1 0
14620 33600 1 0
15480 33600 1 0
16340 33600 1 0
17200 33600 1 0
18060 33600 1 0
18920 33600 1 0
19780 33600 1 0
20640 33600 1 0
21500 33600 1 0
22360 33600 1 0
23220 33600 1 0
24080 33600 1 0
24940 33600 1 0
25800 33600 1 0
26660 33600 1 0
27520 33600 1 0
28380 33600 1 0
29240 33600 1 0
0 34440 1 0
860 34440 1 0
1720 34440 1 0
2580 34440 1 0
3440 34440 1 0
4300 34440 1 0
5160 34440 1 0
6020 34440 1 0
6880 34440 1 0
7740 34440 1 0
8600 34440 1 0
9460 34440 1 0
10320 34440 1 0
11180 34440 1 0
12040 34440 1 0
12900 34440 1 0
13760 34440 1 0
14620 34440 1 0
15480 34440 1 0
16340 34440 1 0
17200 34440 1 0
18060 34440 1 0
18920 34440 1 0
19780 34440 1 0
20640 34440 1 0
21500 34440 1 0
22360 34440 1 0
23220 34440 1 0
24080 34440 1 0
24940 34440 1 0
25800 34440 1 0
26660 34440 1 0
27520 34440 1 0
28380 34440 1 0
29240 34440 1 0
0 35280 1 0
860 35280 1 0
1720 35280 1 0
2580 35280 1 0
3440 35280 1 0
4300 35280 1 0
5160 35280 1 0
6020 35280 1 0
6880 35280 1 0
7740 35280 1 0
8600 35280 1 0
9460 35280 1 0
10320 35280 1 0
11180 35280 1 0
12040 35280 1 0
12900 35280 1 0
13760 35280 1 0
14620 35280 1 0
15480 35280 1 0
16340 35280 1 0
17200 35280 1 0
18060 35280 1 0
18920 35280 1 0
19780 35280 1 0
20640 35280 1 0
21500 35280 1 0
22360 35280 1 0
23220 35280 1 0
24080 35280 1 0
24940 35280 1 0
25800 35280 1 0
26660 35280 1 0
27520 35280 1 0
28380 35280 1 0
29240 35280 1 0
0 36120 1 0
860 36120 1 0
1720 36120 1 0
2580 36120 1 0
3440 36120 1 0
4300 36120 1 0
5160 36120 1 0
6020 36120 1 0
16340 36120 1 0
17200 36120 1 0
18060 36120 1 0
28380 36120 1 0
29240 36120 1 0
0 36960 1 0
860 36960 1 0
1720 36960 1 0
2580 36960 1 0
3440 36960 1 0
4300 36960 1 0
5160 36960 1 0
6020 36960 1 0
6880 36960 1 0
7740 36960 1 0
8600 36960 1 0
9460 36960 1 0
10320 36960 1 0
11180 36960 1 0
12040 36960 1 0
12900 36960 1 0
13760 36960 1 0
14620 36960 1 0
15480 36960 1 0
16340 36960 1 0
17200 36960 1 0
18060 36960 1 0
18920 36960 1 0
19780 36960 1 0
20640 36960 1 0
21500 36960 1 0
22360 36960 1 0
23220 36960 1 0
24080 36960 1 0
24940 36960 1 0
25800 36960 1 0
26660 36960 1 0
27520 36960 1 0
28380 36960 1 0
29240 36960 1 0
0 37800 1 0
860 37800 1 0
1720 37800 1 0
2580 37800 1 0
3440 37800 1 0
4300 37800 1 0
5160 37800 1 0
6020 37800 1 0
6880 37800 1 0
7740 37800 1 0
8600 37800 1 0
9460 37800 1 0
10320 37800 1 0
11180 37800 1 0
12040 37800 1 0
12900 37800 1 0
13760 37800 1 0
14620 37800 1 0
15480 37800 1 0
16340 37800 1 0
17200 37800 1 0
18060 37800 1 0
18920 37800 1 0
19780 37800 1 0
20640 37800 1 0
21500 37800 1 0
22360 37800 1 0
23220 37800 1 0
24080 37800 1 0
24940 37800 1 0
25800 37800 1 0
26660 37800 1 0
27520 37800 1 0
28380 37800 1 0
29240 37800 1 0
0 38640 1 0
860 38640 1 0
1720 38640 1 0
2580 38640 1 0
3440 38640 1 0
4300 38640 1 0
5160 38640 1 0
6020 38640 1 0
6880 38640 1 0
7740 38640 1 0
8600 38640 1 0
9460 38640 1 0
10320 38640 1 0
11180 38640 1 0
12040 38640 1 0
12900 38640 1 0
13760 38640 1 0
14620 38640 1 0
15480 38640 1 0
16340 38640 1 0
17200 38640 1 0
18060 38640 1 0
18920 38640 1 0
19780 38640 1 0
20640 38640 1 0
21500 38640 1 0
22360 38640 1 0
23220 38640 1 0
24080 38640 1 0
24940 38640 1 0
25800 38640 1 0
26660 38640 1 0
27520 38640 1 0
28380 38640 1 0
29240 38640 1 0
0 39480 1 0
860 39480 1 0
1720 39480 1 0
2580 39480 1 0
3440 39480 1 0
4300 39480 1 0
5160 39480 1 0
6020 39480 1 0
6880 39480 1 0
7740 39480 1 0
8600 39480 1 0
9460 39480 1 0
10320 39480 1 0
11180 39480 1 0
12040 39480 1 0
12900 39480 1 0
13760 39480 1 0
14620 39480 1 0
15480 39480 1 0
16340 39480 1 0
17200 39480 1 0
18060 39480 1 0
18920 39480 1 0
19780 39480 1 0
20640 39480 1 0
21500 39480 1 0
22360 39480 1 0
23220 39480 1 0
24080 39480 1 0
24940 39480 1 0
25800 39480 1 0
26660 39480 1 0
27520 39480 1 0
28380 39480 1 0
29240 39480 1 0
0 40320 1 0
860 40320 1 0
1720 40320 1 0
2580 40320 1 0
3440 40320 1 0
4300 40320 1 0
5160 40320 1 0
6020 40320 1 0
6880 40320 1 0
7740 40320 1 0
8600 40320 1 0
9460 40320 1 0
10320 40320 1 0
11180 40320 1 0
12040 40320 1 0
12900 40320 1 0
13760 40320 1 0
14620 40320 1 0
15480 40320 1 0
16340 40320 1 0
17200 40320 1 0
18060 40320 1 0
18920 40320 1 0
19780 40320 1 0
20640 40320 1 0
21500 40320 1 0
22360 40320 1 0
23220 40320 1 0
24080 40320 1 0
24940 40320 1 0
25800 40320 1 0
26660 40320 1 0
27520 40320 1 0
28380 40320 1 0
29240 40320 1 0
0 41160 1 0
860 41160 1 0
1720 41160 1 0
2580 41160 1 0
3440 41160 1 0
4300 41160 1 0
5160 41160 1 0
6020 41160 1 0
6880 41160 1 0
7740 41160 1 0
8600 41160 1 0
9460 41160 1 0
10320 41160 1 0
11180 41160 1 0
12040 41160 1 0
12900 41160 1 0
13760 41160 1 0
14620 41160 1 0
15480 41160 1 0
16340 41160 1 0
17200 41160 1 0
18060 41160 1 0
18920 41160 1 0
19780 41160 1 0
20640 41160 1 0
21500 41160 1 0
22360 41160 1 0
23220 41160 1 0
24080 41160 1 0
24940 41160 1 0
25800 41160 1 0
26660 41160 1 0
27520 41160 1 0
28380 41160 1 0
29240 41160 1 0
0 42000 1 0
860 42000 1 0
1720 42000 1 0
2580 42000 1 0
3440 42000 1 0
4300 42000 1 0
5160 42000 1 0
6020 42000 1 0
6880 42000 1 0
7740 42000 1 0
8600 42000 1 0
9460 42000 1 0
10320 42000 1 0
11180 42000 1 0
12040 42000 1 0
12900 42000 1 0
13760 42000 1 0
14620 42000 1 0
15480 42000 1 0
16340 42000 1 0
17200 42000 1 0
18060 42000 1 0
18920 42000 1 0
19780 42000 1 0
20640 42000 1 0
21500 42000 1 0
22360 42000 1 0
23220 42000 1 0
24080 42000 1 0
24940 42000 1 0
25800 42000 1 0
26660 42000 1 0
27520 42000 1 0
28380 42000 1 0
29240 42000 1 0
0 42840 1 0
860 42840 1 0
1720 42840 1 0
2580 42840 1 0
3440 42840 1 0
4300 42840 1 0
5160 42840 1 0
6020 42840 1 0
6880 42840 1 0
7740 42840 1 0
8600 42840 1 0
9460 42840 1 0
10320 42840 1 0
11180 42840 1 0
12040 42840 1 0
12900 42840 1 0
13760 42840 1 0
14620 42840 1 0
15480 42840 1 0
16340 42840 1 0
17200 42840 1 0
18060 42840 1 0
18920 42840 1 0
19780 42840 1 0
20640 42840 1 0
21500 42840 1 0
22360 42840 1 0
23220 42840 1 0
24080 42840 1 0
24940 42840 1 0
25800 42840 1 0
26660 42840 1 0
27520 42840 1 0
28380 42840 1 0
29240 42840 1 0
0 43680 1 0
860 43680 1 0
1720 43680 1 0
2580 43680 1 0
3440 43680 1 0
4300 43680 1 0
5160 43680 1 0
10320 43680 1 0
11180 43680 1 0
14620 43680 1 0
15480 43680 1 0
16340 43680 1 0
17200 43680 1 0
18060 43680 1 0
18920 43680 1 0
19780 43680 1 0
20640 43680 1 0
21500 43680 1 0
22360 43680 1 0
23220 43680 1 0
24080 43680 1 0
29240 43680 1 0
0 44520 1 0
860 44520 1 0
1720 44520 1 0
2580 44520 1 0
3440 44520 1 0
4300 44520 1 0
5160 44520 1 0
6020 44520 1 0
16340 44520 1 0
17200 44520 1 0
18060 44520 1 0
28380 44520 1 0
29240 44520 1 0
0 45360 1 0
860 45360 1 0
1720 45360 1 0
2580 45360 1 0
3440 45360 1 0
4300 45360 1 0
5160 45360 1 0
6020 45360 1 0
6880 45360 1 0
7740 45360 1 0
8600 45360 1 0
9460 45360 1 0
10320 45360 1 0
11180 45360 1 0
12040 45360 1 0
12900 45360 1 0
13760 45360 1 0
14620 45360 1 0
15480 45360 1 0
16340 45360 1 0
17200 45360 1 0
18060 45360 1 0
18920 45360 1 0
19780 45360 1 0
20640 45360 1 0
21500 45360 1 0
22360 45360 1 0
23220 45360 1 0
24080 45360 1 0
24940 45360 1 0
25800 45360 1 0
26660 45360 1 0
27520 45360 1 0
28380 45360 1 0
29240 45360 1 0
0 0 2 0
0 840 2 0
0 1680 2 0
0 2520 2 0
0 3360 2 0
0 4200 2 0
0 5040 2 0
0 5880 2 0
0 6720 2 0
0 7560 2 0
0 8400 2 0
0 9240 2 0
0 10080 2 0
0 10920 2 0
0 11760 2 0
0 12600 2 0
0 13440 2 0
0 14280 2 0
0 15120 2 0
0 15960 2 0
0 16800 2 0
0 17640 2 0
0 18480 2 0
0 19320 2 0
0 20160 2 0
0 21000 2 0
0 21840 2 0
0 22680 2 0
0 23520 2 0
0 24360 2 0
0 25200 2 0
0 26040 2 0
0 26880 2 0
0 27720 2 0
0 28560 2 0
0 29400 2 0
0 30240 2 0
0 31080 2 0
0 31920 2 0
0 32760 2 0
0 33600 2 0
0 34440 2 0
0 35280 2 0
0 36120 2 0
0 36960 2 0
0 37800 2 0
0 38640 2 0
0 39480 2 0
0 40320 2 0
0 41160 2 0
0 42000 2 0
0 42840 2 0
0 43680 2 0
0 44520 2 0
0 45360 2 0
860 0 2 0
860 840 2 0
860 1680 2 0
860 2520 2 0
860 3360 2 0
860 4200 2 0
860 5040 2 0
860 5880 2 0
860 6720 2 0
860 7560 2 0
860 8400 2 0
860 9240 2 0
860 10080 2 0
860 10920 2 0
860 11760 2 0
860 12600 2 0
860 13440 2 0
860 14280 2 0
860 15120 2 0
860 15960 2 0
860 16800 2 0
860 17640 2 0
860 18480 2 0
860 19320 2 0
860 20160 2 0
860 21000 2 0
860 21840 2 0
860 22680 2 0
860 23520 2 0
860 24360 2 0
860 25200 2 0
860 26040 2 0
860 26880 2 0
860 27720 2 0
860 28560 2 0
860 29400 2 0
860 30240 2 0
860 31080 2 0
860 31920 2 0
860 32760 2 0
860 33600 2 0
860 34440 2 0
860 35280 2 0
860 36120 2 0
860 36960 2 0
860 37800 2 0
860 38640 2 0
860 39480 2 0
860 40320 2 0
860 41160 2 0
860 42000 2 0
860 42840 2 0
860 43680 2 0
860 44520 2 0
860 45360 2 0
1720 0 2 0
1720 840 2 0
1720 1680 2 0
1720 2520 2 0
1720 3360 2 0
1720 4200 2 0
1720 5040 2 0
1720 5880 2 0
1720 6720 2 0
1720 7560 2 0
1720 8400 2 0
1720 9240 2 0
1720 10080 2 0
1720 10920 2 0
1720 11760 2 0
1720 12600 2 0
1720 13440 2 0
1720 14280 2 0
1720 15120 2 0
1720 15960 2 0
1720 16800 2 0
1720 17640 2 0
1720 18480 2 0
1720 19320 2 0
1720 20160 2 0
1720 21000 2 0
1720 21840 2 0
1720 22680 2 0
1720 23520 2 0
1720 24360 2 0
1720 25200 2 0
1720 26040 2 0
1720 26880 2 0
1720 27720 2 0
1720 28560 2 0
1720 29400 2 0
1720 30240 2 0
1720 31080 2 0
1720 31920 2 0
1720 32760 2 0
1720 33600 2 0
1720 34440 2 0
1720 35280 2 0
1720 36120 2 0
1720 36960 2 0
1720 37800 2 0
1720 38640 2 0
1720 39480 2 0
1720 40320 2 0
1720 41160 2 0
1720 42000 2 0
1720 42840 2 0
1720 43680 2 0
1720 44520 2 0
1720 45360 2 0
2580 0 2 0
2580 840 2 0
2580 1680 2 0
2580 2520 2 0
2580 3360 2 0
2580 4200 2 0
2580 5040 2 0
2580 5880 2 0
2580 6720 2 0
2580 7560 2 0
2580 8400 2 0
2580 9240 2 0
2580 10080 2 0
2580 10920 2 0
2580 11760 2 0
2580 12600 2 0
2580 13440 2 0
2580 14280 2 0
2580 15120 2 0
2580 15960 2 0
2580 16800 2 0
2580 17640 2 0
2580 18480 2 0
2580 19320 2 0
2580 20160 2 0
2580 21000 2 0
2580 21840 2 0
2580 22680 2 0
2580 23520 2 0
2580 24360 2 0
2580 25200 2 0
2580 26040 2 0
2580 26880 2 0
2580 27720 2 0
2580 28560 2 0
2580 29400 2 0
2580 30240 2 0
2580 31080 2 0
2580 31920 2 0
2580 32760 2 0
2580 33600 2 0
2580 34440 2 0
2580 35280 2 0
2580 36120 2 0
2580 36960 2 0
2580 37800 2 0
2580 38640 2 0
2580 39480 2 0
2580 40320 2 0
2580 41160 2 0
2580 42000 2 0
2580 42840 2 0
2580 43680 2 0
2580 44520 2 0
2580 45360 2 0
3440 0 2 0
3440 15120 2 0
3440 15960 2 0
3440 16800 2 0
3440 17640 2 0
3440 18480 2 0
3440 19320 2 0
3440 20160 2 0
3440 21000 2 0
3440 21840 2 0
3440 22680 2 0
3440 23520 2 0
3440 24360 2 0
3440 25200 2 0
3440 26040 2 0
3440 26880 2 0
3440 27720 2 0
3440 28560 2 0
3440 29400 2 0
3440 30240 2 0
3440 31080 2 0
3440 31920 2 0
3440 32760 2 0
3440 33600 2 0
3440 34440 2 0
3440 35280 2 0
3440 36120 2 0
3440 36960 2 0
3440 37800 2 0
3440 38640 2 0
3440 39480 2 0
3440 40320 2 0
3440 41160 2 0
3440 42000 2 0
3440 42840 2 0
3440 43680 2 0
3440 44520 2 0
3440 45360 2 0
4300 0 2 0
4300 840 2 0
4300 1680 2 0
4300 2520 2 0
4300 3360 2 0
4300 4200 2 0
4300 5040 2 0
4300 5880 2 0
4300 6720 2 0
4300 7560 2 0
4300 8400 2 0
4300 9240 2 0
4300 10080 2 0
4300 10920 2 0
4300 11760 2 0
4300 12600 2 0
4300 13440 2 0
4300 14280 2 0
4300 15120 2 0
4300 15960 2 0
4300 16800 2 0
4300 17640 2 0
4300 18480 2 0
4300 19320 2 0
4300 20160 2 0
4300 21000 2 0
4300 21840 2 0
4300 22680 2 0
4300 23520 2 0
4300 24360 2 0
4300 25200 2 0
4300 26040 2 0
4300 26880 2 0
4300 27720 2 0
4300 28560 2 0
4300 29400 2 0
4300 30240 2 0
4300 31080 2 0
4300 31920 2 0
4300 32760 2 0
4300 33600 2 0
4300 34440 2 0
4300 35280 2 0
4300 36120 2 0
4300 36960 2 0
4300 37800 2 0
4300 38640 2 0
4300 39480 2 0
4300 40320 2 0
4300 41160 2 0
4300 42000 2 0
4300 42840 2 0
4300 43680 2 0
4300 44520 2 0
4300 45360 2 0
5160 0 2 0
5160 840 2 0
5160 1680 2 0
5160 2520 2 0
5160 3360 2 0
5160 4200 2 0
5160 5040 2 0
5160 5880 2 0
5160 6720 2 0
5160 7560 2 0
5160 8400 2 0
5160 9240 2 0
5160 10080 2 0
5160 10920 2 0
5160 11760 2 0
5160 12600 2 0
5160 13440 2 0
5160 14280 2 0
5160 15120 2 0
5160 15960 2 0
5160 16800 2 0
5160 17640 2 0
5160 18480 2 0
5160 19320 2 0
5160 20160 2 0
5160 21000 2 0
5160 21840 2 0
5160 22680 2 0
5160 23520 2 0
5160 24360 2 0
5160 25200 2 0
5160 26040 2 0
5160 26880 2 0
5160 27720 2 0
5160 28560 2 0
5160 29400 2 0
5160 30240 2 0
5160 31080 2 0
5160 31920 2 0
5160 32760 2 0
5160 33600 2 0
5160 34440 2 0
5160 35280 2 0
5160 36120 2 0
5160 36960 2 0
5160 37800 2 0
5160 38640 2 0
5160 39480 2 0
5160 40320 2 0
5160 41160 2 0
5160 42000 2 0
5160 42840 2 0
5160 43680 2 0
5160 44520 2 0
5160 45360 2 0
6020 0 2 0
6020 840 2 0
6020 1680 2 0
6020 2520 2 0
6020 3360 2 0
6020 4200 2 0
6020 5040 2 0
6020 5880 2 0
6020 6720 2 0
6020 7560 2 0
6020 8400 2 0
6020 9240 2 0
6020 10080 2 0
6020 10920 2 0
6020 11760 2 0
6020 12600 2 0
6020 13440 2 0
6020 14280 2 0
6020 15120 2 0
6020 15960 2 0
6020 16800 2 0
6020 17640 2 0
6020 18480 2 0
6020 19320 2 0
6020 20160 2 0
6020 21000 2 0
6020 21840 2 0
6020 22680 2 0
6020 23520 2 0
6020 24360 2 0
6020 25200 2 0
6020 26040 2 0
6020 26880 2 0
6020 27720 2 0
6020 28560 2 0
6020 29400 2 0
6020 30240 2 0
6020 31080 2 0
6020 31920 2 0
6020 32760 2 0
6020 33600 2 0
6020 34440 2 0
6020 35280 2 0
6020 36120 2 0
6020 36960 2 0
6020 37800 2 0
6020 38640 2 0
6020 39480 2 0
6020 40320 2 0
6020 41160 2 0
6020 42000 2 0
6020 42840 2 0
6020 43680 2 0
6020 44520 2 0
6020 45360 2 0
6880 0 2 0
6880 45360 2 0
7740 0 2 0
7740 840 2 0
7740 1680 2 0
7740 2520 2 0
7740 3360 2 0
7740 4200 2 0
7740 5040 2 0
7740 5880 2 0
7740 6720 2 0
7740 7560 2 0
7740 8400 2 0
7740 9240 2 0
7740 10080 2 0
7740 10920 2 0
7740 11760 2 0
7740 12600 2 0
7740 13440 2 0
7740 14280 2 0
7740 15120 2 0
7740 15960 2 0
7740 16800 2 0
7740 17640 2 0
7740 18480 2 0
7740 19320 2 0
7740 20160 2 0
7740 21000 2 0
7740 21840 2 0
7740 22680 2 0
7740 23520 2 0
7740 24360 2 0
7740 25200 2 0
7740 26040 2 0
7740 26880 2 0
7740 27720 2 0
7740 28560 2 0
7740 29400 2 0
7740 30240 2 0
7740 31080 2 0
7740 31920 2 0
7740 32760 2 0
7740 33600 2 0
7740 34440 2 0
7740 35280 2 0
7740 36120 2 0
7740 36960 2 0
7740 37800 2 0
7740 38640 2 0
7740 39480 2 0
7740 40320 2 0
7740 41160 2 0
7740 42000 2 0
7740 42840 2 0
7740 43680 2 0
7740 44520 2 0
7740 45360 2 0
8600 0 2 0
8600 840 2 0
8600 1680 2 0
8600 2520 2 0
8600 3360 2 0
8600 4200 2 0
8600 5040 2 0
8600 5880 2 0
8600 6720 2 0
8600 7560 2 0
8600 8400 2 0
8600 9240 2 0
8600 10080 2 0
8600 10920 2 0
8600 11760 2 0
8600 12600 2 0
8600 13440 2 0
8600 14280 2 0
8600 15120 2 0
8600 15960 2 0
8600 16800 2 0
8600 17640 2 0
8600 18480 2 0
8600 19320 2 0
8600 20160 2 0
8600 21000 2 0
8600 21840 2 0
8600 22680 2 0
8600 23520 2 0
8600 24360 2 0
8600 25200 2 0
8600 26040 2 0
8600 26880 2 0
8600 27720 2 0
8600 28560 2 0
8600 29400 2 0
8600 30240 2 0
8600 31080 2 0
8600 31920 2 0
8600 32760 2 0
8600 33600 2 0
8600 34440 2 0
8600 35280 2 0
8600 36120 2 0
8600 36960 2 0
8600 37800 2 0
8600 38640 2 0
8600 39480 2 0
8600 40320 2 0
8600 41160 2 0
8600 42000 2 0
8600 42840 2 0
8600 43680 2 0
8600 44520 2 0
8600 45360 2 0
9460 0 2 0
9460 840 2 0
9460 1680 2 0
9460 2520 2 0
9460 3360 2 0
9460 4200 2 0
9460 5040 2 0
9460 5880 2 0
9460 6720 2 0
9460 7560 2 0
9460 8400 2 0
9460 9240 2 0
9460 10080 2 0
9460 10920 2 0
9460 11760 2 0
9460 12600 2 0
9460 13440 2 0
9460 14280 2 0
9460 15120 2 0
9460 15960 2 0
9460 16800 2 0
9460 17640 2 0
9460 18480 2 0
9460 19320 2 0
9460 20160 2 0
9460 21000 2 0
9460 21840 2 0
9460 22680 2 0
9460 23520 2 0
9460 24360 2 0
9460 25200 2 0
9460 26040 2 0
9460 26880 2 0
9460 27720 2 0
9460 28560 2 0
9460 29400 2 0
9460 30240 2 0
9460 31080 2 0
9460 31920 2 0
9460 32760 2 0
9460 33600 2 0
9460 34440 2 0
9460 35280 2 0
9460 36120 2 0
9460 36960 2 0
9460 37800 2 0
9460 38640 2 0
9460 39480 2 0
9460 40320 2 0
9460 41160 2 0
9460 42000 2 0
9460 42840 2 0
9460 43680 2 0
9460 44520 2 0
9460 45360 2 0
10320 0 2 0
10320 840 2 0
10320 1680 2 0
10320 2520 2 0
10320 3360 2 0
10320 4200 2 0
10320 5040 2 0
10320 5880 2 0
10320 6720 2 0
10320 7560 2 0
10320 8400 2 0
10320 9240 2 0
10320 10080 2 0
10320 10920 2 0
10320 11760 2 0
10320 12600 2 0
10320 13440 2 0
10320 14280 2 0
10320 15120 2 0
10320 15960 2 0
10320 16800 2 0
10320 17640 2 0
10320 18480 2 0
10320 19320 2 0
10320 20160 2 0
10320 21000 2 0
10320 21840 2 0
10320 22680 2 0
10320 23520 2 0
10320 24360 2 0
10320 25200 2 0
10320 26040 2 0
10320 26880 2 0
10320 27720 2 0
10320 28560 2 0
10320 29400 2 0
10320 30240 2 0
10320 31080 2 0
10320 31920 2 0
10320 32760 2 0
10320 33600 2 0
10320 34440 2 0
10320 35280 2 0
10320 36120 2 0
10320 36960 2 0
10320 37800 2 0
10320 38640 2 0
10320 39480 2 0
10320 40320 2 0
10320 41160 2 0
10320 42000 2 0
10320 42840 2 0
10320 43680 2 0
10320 44520 2 0
10320 45360 2 0
11180 0 2 0
11180 840 2 0
11180 1680 2 0
11180 2520 2 0
11180 3360 2 0
11180 4200 2 0
11180 5040 2 0
11180 5880 2 0
11180 6720 2 0
11180 7560 2 0
11180 8400 2 0
11180 9240 2 0
11180 10080 2 0
11180 10920 2 0
11180 11760 2 0
11180 12600 2 0
11180 13440 2 0
11180 14280 2 0
11180 15120 2 0
11180 15960 2 0
11180 16800 2 0
11180 17640 2 0
11180 18480 2 0
11180 19320 2 0
11180 20160 2 0
11180 21000 2 0
11180 21840 2 0
11180 22680 2 0
11180 23520 2 0
11180 24360 2 0
11180 25200 2 0
11180 26040 2 0
11180 26880 2 0
11180 27720 2 0
11180 28560 2 0
11180 29400 2 0
11180 30240 2 0
11180 31080 2 0
11180 31920 2 0
11180 32760 2 0
11180 33600 2 0
11180 34440 2 0
11180 35280 2 0
11180 36120 2 0
11180 36960 2 0
11180 37800 2 0
11180 38640 2 0
11180 39480 2 0
11180 40320 2 0
11180 41160 2 0
11180 42000 2 0
11180 42840 2 0
11180 43680 2 0
11180 44520 2 0
11180 45360 2 0
12040 0 2 0
12040 840 2 0
12040 1680 2 0
12040 2520 2 0
12040 3360 2 0
12040 4200 2 0
12040 5040 2 0
12040 5880 2 0
12040 6720 2 0
12040 7560 2 0
12040 8400 2 0
12040 9240 2 0
12040 10080 2 0
12040 10920 2 0
12040 11760 2 0
12040 12600 2 0
12040 13440 2 0
12040 14280 2 0
12040 15120 2 0
12040 15960 2 0
12040 16800 2 0
12040 17640 2 0
12040 18480 2 0
12040 19320 2 0
12040 20160 2 0
12040 21000 2 0
12040 21840 2 0
12040 22680 2 0
12040 23520 2 0
12040 24360 2 0
12040 25200 2 0
12040 26040 2 0
12040 26880 2 0
12040 27720 2 0
12040 28560 2 0
12040 29400 2 0
12040 30240 2 0
12040 31080 2 0
12040 31920 2 0
12040 32760 2 0
12040 33600 2 0
12040 34440 2 0
12040 35280 2 0
12040 36120 2 0
12040 36960 2 0
12040 37800 2 0
12040 38640 2 0
12040 39480 2 0
12040 40320 2 0
12040 41160 2 0
12040 42000 2 0
12040 42840 2 0
12040 43680 2 0
12040 44520 2 0
12040 45360 2 0
12900 0 2 0
12900 840 2 0
12900 1680 2 0
12900 2520 2 0
12900 3360 2 0
12900 4200 2 0
12900 5040 2 0
12900 5880 2 0
12900 6720 2 0
12900 7560 2 0
12900 8400 2 0
12900 9240 2 0
12900 10080 2 0
12900 10920 2 0
12900 11760 2 0
12900 12600 2 0
12900 13440 2 0
12900 14280 2 0
12900 15120 2 0
12900 15960 2 0
12900 16800 2 0
12900 17640 2 0
12900 18480 2 0
12900 19320 2 0
12900 20160 2 0
12900 21000 2 0
12900 21840 2 0
12900 22680 2 0
12900 23520 2 0
12900 24360 2 0
12900 25200 2 0
12900 26040 2 0
12900 26880 2 0
12900 30240 2 0
12900 31080 2 0
12900 31920 2 0
12900 32760 2 0
12900 33600 2 0
12900 34440 2 0
12900 35280 2 0
12900 36120 2 0
12900 36960 2 0
12900 37800 2 0
12900 38640 2 0
12900 39480 2 0
12900 40320 2 0
12900 41160 2 0
12900 42000 2 0
12900 42840 2 0
12900 43680 2 0
12900 44520 2 0
12900 45360 2 0
13760 0 2 0
13760 33600 2 0
13760 34440 2 0
13760 35280 2 0
13760 36120 2 0
13760 36960 2 0
13760 37800 2 0
13760 38640 2 0
13760 39480 2 0
13760 40320 2 0
13760 41160 2 0
13760 42000 2 0
13760 42840 2 0
13760 43680 2 0
13760 44520 2 0
13760 45360 2 0
14620 0 2 0
14620 840 2 0
14620 1680 2 0
14620 2520 2 0
14620 3360 2 0
14620 4200 2 0
14620 5040 2 0
14620 5880 2 0
14620 6720 2 0
14620 7560 2 0
14620 8400 2 0
14620 9240 2 0
14620 10080 2 0
14620 10920 2 0
14620 11760 2 0
14620 12600 2 0
14620 13440 2 0
14620 14280 2 0
14620 15120 2 0
14620 15960 2 0
14620 16800 2 0
14620 17640 2 0
14620 18480 2 0
14620 19320 2 0
14620 20160 2 0
14620 21000 2 0
14620 21840 2 0
14620 22680 2 0
14620 23520 2 0
14620 24360 2 0
14620 25200 2 0
14620 26040 2 0
14620 26880 2 0
14620 27720 2 0
14620 28560 2 0
14620 29400 2 0
14620 30240 2 0
14620 31080 2 0
14620 31920 2 0
14620 32760 2 0
14620 33600 2 0
14620 34440 2 0
14620 35280 2 0
14620 36120 2 0
14620 36960 2 0
14620 37800 2 0
14620 38640 2 0
14620 39480 2 0
14620 40320 2 0
14620 41160 2 0
14620 42000 2 0
14620 42840 2 0
14620 43680 2 0
14620 44520 2 0
14620 45360 2 0
15480 0 2 0
15480 840 2 0
15480 1680 2 0
15480 2520 2 0
15480 3360 2 0
15480 4200 2 0
15480 5040 2 0
15480 5880 2 0
15480 6720 2 0
15480 7560 2 0
15480 8400 2 0
15480 9240 2 0
15480 10080 2 0
15480 10920 2 0
15480 11760 2 0
15480 12600 2 0
15480 13440 2 0
15480 14280 2 0
15480 15120 2 0
15480 15960 2 0
15480 16800 2 0
15480 17640 2 0
15480 18480 2 0
15480 19320 2 0
15480 20160 2 0
15480 21000 2 0
15480 21840 2 0
15480 22680 2 0
15480 23520 2 0
15480 24360 2 0
15480 25200 2 0
15480 26040 2 0
15480 26880 2 0
15480 27720 2 0
15480 28560 2 0
15480 29400 2 0
15480 30240 2 0
15480 31080 2 0
15480 31920 2 0
15480 32760 2 0
15480 33600 2 0
15480 34440 2 0
15480 35280 2 0
15480 36120 2 0
15480 36960 2 0
15480 37800 2 0
15480 38640 2 0
15480 39480 2 0
15480 40320 2 0
15480 41160 2 0
15480 42000 2 0
15480 42840 2 0
15480 43680 2 0
15480 44520 2 0
15480 45360 2 0
16340 0 2 0
16340 840 2 0
16340 1680 2 0
16340 2520 2 0
16340 3360 2 0
16340 4200 2 0
16340 5040 2 0
16340 5880 2 0
16340 6720 2 0
16340 7560 2 0
16340 8400 2 0
16340 9240 2 0
16340 10080 2 0
16340 10920 2 0
16340 11760 2 0
16340 12600 2 0
16340 13440 2 0
16340 14280 2 0
16340 15120 2 0
16340 15960 2 0
16340 16800 2 0
16340 17640 2 0
16340 18480 2 0
16340 19320 2 0
16340 20160 2 0
16340 21000 2 0
16340 21840 2 0
16340 22680 2 0
16340 23520 2 0
16340 24360 2 0
16340 25200 2 0
16340 26040 2 0
16340 26880 2 0
16340 27720 2 0
16340 28560 2 0
16340 29400 2 0
16340 30240 2 0
16340 31080 2 0
16340 31920 2 0
16340 32760 2 0
16340 33600 2 0
16340 34440 2 0
16340 35280 2 0
16340 36120 2 0
16340 36960 2 0
16340 37800 2 0
16340 38640 2 0
16340 39480 2 0
16340 40320 2 0
16340 41160 2 0
16340 42000 2 0
16340 42840 2 0
16340 43680 2 0
16340 44520 2 0
16340 45360 2 0
17200 0 2 0
17200 840 2 0
17200 1680 2 0
17200 2520 2 0
17200 3360 2 0
17200 4200 2 0
17200 5040 2 0
17200 5880 2 0
17200 6720 2 0
17200 7560 2 0
17200 8400 2 0
17200 9240 2 0
17200 10080 2 0
17200 10920 2 0
17200 11760 2 0
17200 12600 2 0
17200 13440 2 0
17200 14280 2 0
17200 15120 2 0
17200 15960 2 0
17200 16800 2 0
17200 17640 2 0
17200 18480 2 0
17200 19320 2 0
17200 20160 2 0
17200 21000 2 0
17200 21840 2 0
17200 22680 2 0
17200 23520 2 0
17200 24360 2 0
17200 25200 2 0
17200 26040 2 0
17200 26880 2 0
17200 27720 2 0
17200 28560 2 0
17200 29400 2 0
17200 30240 2 0
17200 31080 2 0
17200 31920 2 0
17200 32760 2 0
17200 33600 2 0
17200 34440 2 0
17200 35280 2 0
17200 36120 2 0
17200 36960 2 0
17200 37800 2 0
17200 38640 2 0
17200 39480 2 0
17200 40320 2 0
17200 41160 2 0
17200 42000 2 0
17200 42840 2 0
17200 43680 2 0
17200 44520 2 0
17200 45360 2 0
18060 0 2 0
18060 840 2 0
18060 1680 2 0
18060 2520 2 0
18060 3360 2 0
18060 4200 2 0
18060 5040 2 0
18060 5880 2 0
18060 6720 2 0
18060 7560 2 0
18060 8400 2 0
18060 9240 2 0
18060 10080 2 0
18060 10920 2 0
18060 11760 2 0
18060 12600 2 0
18060 13440 2 0
18060 14280 2 0
18060 15120 2 0
18060 15960 2 0
18060 16800 2 0
18060 17640 2 0
18060 18480 2 0
18060 19320 2 0
18060 20160 2 0
18060 21000 2 0
18060 21840 2 0
18060 22680 2 0
18060 23520 2 0
18060 24360 2 0
18060 25200 2 0
18060 26040 2 0
18060 26880 2 0
18060 27720 2 0
18060 28560 2 0
18060 29400 2 0
18060 30240 2 0
18060 31080 2 0
18060 31920 2 0
18060 32760 2 0
18060 33600 2 0
18060 34440 2 0
18060 35280 2 0
18060 36120 2 0
18060 36960 2 0
18060 37800 2 0
18060 38640 2 0
18060 39480 2 0
18060 40320 2 0
18060 41160 2 0
18060 42000 2 0
18060 42840 2 0
18060 43680 2 0
18060 44520 2 0
18060 45360 2 0
18920 0 2 0
18920 840 2 0
18920 1680 2 0
18920 2520 2 0
18920 3360 2 0
18920 4200 2 0
18920 5040 2 0
18920 5880 2 0
18920 6720 2 0
18920 7560 2 0
18920 8400 2 0
18920 9240 2 0
18920 10080 2 0
18920 10920 2 0
18920 11760 2 0
18920 12600 2 0
18920 13440 2 0
18920 14280 2 0
18920 15120 2 0
18920 15960 2 0
18920 16800 2 0
18920 17640 2 0
18920 18480 2 0
18920 19320 2 0
18920 20160 2 0
18920 21000 2 0
18920 21840 2 0
18920 22680 2 0
18920 23520 2 0
18920 24360 2 0
18920 25200 2 0
18920 26040 2 0
18920 26880 2 0
18920 27720 2 0
18920 28560 2 0
18920 29400 2 0
18920 30240 2 0
18920 31080 2 0
18920 31920 2 0
18920 32760 2 0
18920 33600 2 0
18920 34440 2 0
18920 35280 2 0
18920 36120 2 0
18920 36960 2 0
18920 37800 2 0
18920 38640 2 0
18920 39480 2 0
18920 40320 2 0
18920 41160 2 0
18920 42000 2 0
18920 42840 2 0
18920 43680 2 0
18920 44520 2 0
18920 45360 2 0
19780 0 2 0
19780 840 2 0
19780 1680 2 0
19780 2520 2 0
19780 3360 2 0
19780 4200 2 0
19780 5040 2 0
19780 5880 2 0
19780 6720 2 0
19780 7560 2 0
19780 8400 2 0
19780 9240 2 0
19780 10080 2 0
19780 10920 2 0
19780 11760 2 0
19780 12600 2 0
19780 13440 2 0
19780 14280 2 0
19780 15120 2 0
19780 15960 2 0
19780 16800 2 0
19780 17640 2 0
19780 18480 2 0
19780 19320 2 0
19780 20160 2 0
19780 21000 2 0
19780 21840 2 0
19780 22680 2 0
19780 23520 2 0
19780 24360 2 0
19780 25200 2 0
19780 26040 2 0
19780 26880 2 0
19780 27720 2 0
19780 28560 2 0
19780 29400 2 0
19780 30240 2 0
19780 31080 2 0
19780 31920 2 0
19780 32760 2 0
19780 33600 2 0
19780 34440 2 0
19780 35280 2 0
19780 36120 2 0
19780 36960 2 0
19780 37800 2 0
19780 38640 2 0
19780 39480 2 0
19780 40320 2 0
19780 41160 2 0
19780 42000 2 0
19780 42840 2 0
19780 43680 2 0
19780 44520 2 0
19780 45360 2 0
20640 0 2 0
20640 840 2 0
20640 1680 2 0
20640 2520 2 0
20640 3360 2 0
20640 4200 2 0
20640 5040 2 0
20640 5880 2 0
20640 6720 2 0
20640 7560 2 0
20640 8400 2 0
20640 9240 2 0
20640 10080 2 0
20640 10920 2 0
20640 11760 2 0
20640 12600 2 0
20640 13440 2 0
20640 14280 2 0
20640 15120 2 0
20640 15960 2 0
20640 16800 2 0
20640 17640 2 0
20640 18480 2 0
20640 19320 2 0
20640 20160 2 0
20640 21000 2 0
20640 21840 2 0
20640 22680 2 0
20640 23520 2 0
20640 24360 2 0
20640 25200 2 0
20640 26040 2 0
20640 26880 2 0
20640 27720 2 0
20640 28560 2 0
20640 29400 2 0
20640 30240 2 0
20640 31080 2 0
20640 31920 2 0
20640 32760 2 0
20640 33600 2 0
20640 34440 2 0
20640 35280 2 0
20640 36120 2 0
20640 36960 2 0
20640 37800 2 0
20640 38640 2 0
20640 39480 2 0
20640 40320 2 0
20640 41160 2 0
20640 42000 2 0
20640 42840 2 0
20640 43680 2 0
20640 44520 2 0
20640 45360 2 0
21500 0 2 0
21500 840 2 0
21500 1680 2 0
21500 2520 2 0
21500 3360 2 0
21500 4200 2 0
21500 5040 2 0
21500 5880 2 0
21500 6720 2 0
21500 7560 2 0
21500 8400 2 0
21500 9240 2 0
21500 10080 2 0
21500 10920 2 0
21500 11760 2 0
21500 12600 2 0
21500 13440 2 0
21500 14280 2 0
21500 15120 2 0
21500 15960 2 0
21500 16800 2 0
21500 17640 2 0
21500 18480 2 0
21500 19320 2 0
21500 20160 2 0
21500 21000 2 0
21500 21840 2 0
21500 22680 2 0
21500 23520 2 0
21500 24360 2 0
21500 25200 2 0
21500 26040 2 0
21500 26880 2 0
21500 27720 2 0
21500 28560 2 0
21500 29400 2 0
21500 30240 2 0
21500 31080 2 0
21500 31920 2 0
21500 32760 2 0
21500 33600 2 0
21500 34440 2 0
21500 35280 2 0
21500 36120 2 0
21500 36960 2 0
21500 37800 2 0
21500 38640 2 0
21500 39480 2 0
21500 40320 2 0
21500 41160 2 0
21500 42000 2 0
21500 42840 2 0
21500 43680 2 0
21500 44520 2 0
21500 45360 2 0
22360 0 2 0
22360 840 2 0
22360 1680 2 0
22360 2520 2 0
22360 3360 2 0
22360 4200 2 0
22360 5040 2 0
22360 5880 2 0
22360 6720 2 0
22360 7560 2 0
22360 8400 2 0
22360 9240 2 0
22360 10080 2 0
22360 10920 2 0
22360 11760 2 0
22360 12600 2 0
22360 13440 2 0
22360 14280 2 0
22360 15120 2 0
22360 15960 2 0
22360 16800 2 0
22360 17640 2 0
22360 18480 2 0
22360 19320 2 0
22360 20160 2 0
22360 21000 2 0
22360 21840 2 0
22360 22680 2 0
22360 23520 2 0
22360 24360 2 0
22360 25200 2 0
22360 26040 2 0
22360 26880 2 0
22360 27720 2 0
22360 28560 2 0
22360 29400 2 0
22360 30240 2 0
22360 31080 2 0
22360 31920 2 0
22360 32760 2 0
22360 33600 2 0
22360 34440 2 0
22360 35280 2 0
22360 36120 2 0
22360 36960 2 0
22360 37800 2 0
22360 38640 2 0
22360 39480 2 0
22360 40320 2 0
22360 41160 2 0
22360 42000 2 0
22360 42840 2 0
22360 43680 2 0
22360 44520 2 0
22360 45360 2 0
23220 0 2 0
23220 840 2 0
23220 1680 2 0
23220 2520 2 0
23220 3360 2 0
23220 4200 2 0
23220 5040 2 0
23220 5880 2 0
23220 6720 2 0
23220 7560 2 0
23220 8400 2 0
23220 9240 2 0
23220 10080 2 0
23220 10920 2 0
23220 11760 2 0
23220 12600 2 0
23220 13440 2 0
23220 14280 2 0
23220 15120 2 0
23220 15960 2 0
23220 16800 2 0
23220 17640 2 0
23220 18480 2 0
23220 19320 2 0
23220 20160 2 0
23220 21000 2 0
23220 21840 2 0
23220 22680 2 0
23220 23520 2 0
23220 24360 2 0
23220 25200 2 0
23220 26040 2 0
23220 26880 2 0
23220 27720 2 0
23220 28560 2 0
23220 29400 2 0
23220 30240 2 0
23220 31080 2 0
23220 31920 2 0
23220 32760 2 0
23220 33600 2 0
23220 34440 2 0
23220 35280 2 0
23220 36120 2 0
23220 36960 2 0
23220 37800 2 0
23220 38640 2 0
23220 39480 2 0
23220 40320 2 0
23220 41160 2 0
23220 42000 2 0
23220 42840 2 0
23220 43680 2 0
23220 44520 2 0
23220 45360 2 0
24080 0 2 0
24080 840 2 0
24080 1680 2 0
24080 2520 2 0
24080 3360 2 0
24080 4200 2 0
24080 5040 2 0
24080 5880 2 0
24080 6720 2 0
24080 7560 2 0
24080 8400 2 0
24080 9240 2 0
24080 10080 2 0
24080 10920 2 0
24080 11760 2 0
24080 12600 2 0
24080 13440 2 0
24080 14280 2 0
24080 15120 2 0
24080 15960 2 0
24080 16800 2 0
24080 17640 2 0
24080 18480 2 0
24080 19320 2 0
24080 20160 2 0
24080 21000 2 0
24080 21840 2 0
24080 22680 2 0
24080 23520 2 0
24080 24360 2 0
24080 25200 2 0
24080 26040 2 0
24080 26880 2 0
24080 27720 2 0
24080 28560 2 0
24080 29400 2 0
24080 30240 2 0
24080 31080 2 0
24080 31920 2 0
24080 32760 2 0
24080 33600 2 0
24080 34440 2 0
24080 35280 2 0
24080 36120 2 0
24080 36960 2 0
24080 37800 2 0
24080 38640 2 0
24080 39480 2 0
24080 40320 2 0
24080 41160 2 0
24080 42000 2 0
24080 42840 2 0
24080 43680 2 0
24080 44520 2 0
24080 45360 2 0
24940 0 2 0
24940 840 2 0
24940 1680 2 0
24940 2520 2 0
24940 3360 2 0
24940 4200 2 0
24940 5040 2 0
24940 5880 2 0
24940 6720 2 0
24940 7560 2 0
24940 8400 2 0
24940 9240 2 0
24940 10080 2 0
24940 10920 2 0
24940 11760 2 0
24940 12600 2 0
24940 13440 2 0
24940 14280 2 0
24940 15120 2 0
24940 15960 2 0
24940 16800 2 0
24940 17640 2 0
24940 18480 2 0
24940 19320 2 0
24940 20160 2 0
24940 21000 2 0
24940 21840 2 0
24940 22680 2 0
24940 23520 2 0
24940 24360 2 0
24940 25200 2 0
24940 26040 2 0
24940 26880 2 0
24940 27720 2 0
24940 28560 2 0
24940 29400 2 0
24940 30240 2 0
24940 31080 2 0
24940 31920 2 0
24940 32760 2 0
24940 33600 2 0
24940 34440 2 0
24940 35280 2 0
24940 36120 2 0
24940 36960 2 0
24940 37800 2 0
24940 38640 2 0
24940 39480 2 0
24940 40320 2 0
24940 41160 2 0
24940 42000 2 0
24940 42840 2 0
24940 43680 2 0
24940 44520 2 0
24940 45360 2 0
25800 0 2 0
25800 840 2 0
25800 1680 2 0
25800 2520 2 0
25800 3360 2 0
25800 4200 2 0
25800 5040 2 0
25800 5880 2 0
25800 6720 2 0
25800 7560 2 0
25800 8400 2 0
25800 9240 2 0
25800 10080 2 0
25800 10920 2 0
25800 11760 2 0
25800 12600 2 0
25800 13440 2 0
25800 14280 2 0
25800 15120 2 0
25800 15960 2 0
25800 16800 2 0
25800 17640 2 0
25800 18480 2 0
25800 19320 2 0
25800 20160 2 0
25800 21000 2 0
25800 21840 2 0
25800 22680 2 0
25800 23520 2 0
25800 24360 2 0
25800 25200 2 0
25800 26040 2 0
25800 26880 2 0
25800 27720 2 0
25800 28560 2 0
25800 29400 2 0
25800 30240 2 0
25800 31080 2 0
25800 31920 2 0
25800 32760 2 0
25800 33600 2 0
25800 34440 2 0
25800 35280 2 0
25800 36120 2 0
25800 36960 2 0
25800 37800 2 0
25800 38640 2 0
25800 39480 2 0
25800 40320 2 0
25800 41160 2 0
25800 42000 2 0
25800 42840 2 0
25800 43680 2 0
25800 44520 2 0
25800 45360 2 0
26660 0 2 0
26660 840 2 0
26660 1680 2 0
26660 2520 2 0
26660 3360 2 0
26660 4200 2 0
26660 5040 2 0
26660 5880 2 0
26660 6720 2 0
26660 7560 2 0
26660 8400 2 0
26660 9240 2 0
26660 10080 2 0
26660 10920 2 0
26660 11760 2 0
26660 12600 2 0
26660 13440 2 0
26660 14280 2 0
26660 15120 2 0
26660 15960 2 0
26660 16800 2 0
26660 17640 2 0
26660 18480 2 0
26660 19320 2 0
26660 20160 2 0
26660 21000 2 0
26660 21840 2 0
26660 22680 2 0
26660 23520 2 0
26660 24360 2 0
26660 25200 2 0
26660 26040 2 0
26660 26880 2 0
26660 27720 2 0
26660 28560 2 0
26660 29400 2 0
26660 30240 2 0
26660 31080 2 0
26660 31920 2 0
26660 32760 2 0
26660 33600 2 0
26660 34440 2 0
26660 35280 2 0
26660 36120 2 0
26660 36960 2 0
26660 37800 2 0
26660 38640 2 0
26660 39480 2 0
26660 40320 2 0
26660 41160 2 0
26660 42000 2 0
26660 42840 2 0
26660 43680 2 0
26660 44520 2 0
26660 45360 2 0
27520 0 2 0
27520 45360 2 0
28380 0 2 0
28380 840 2 0
28380 1680 2 0
28380 2520 2 0
28380 3360 2 0
28380 4200 2 0
28380 5040 2 0
28380 5880 2 0
28380 6720 2 0
28380 7560 2 0
28380 8400 2 0
28380 9240 2 0
28380 10080 2 0
28380 10920 2 0
28380 11760 2 0
28380 12600 2 0
28380 13440 2 0
28380 14280 2 0
28380 15120 2 0
28380 15960 2 0
28380 16800 2 0
28380 17640 2 0
28380 18480 2 0
28380 19320 2 0
28380 20160 2 0
28380 21000 2 0
28380 21840 2 0
28380 22680 2 0
28380 23520 2 0
28380 24360 2 0
28380 25200 2 0
28380 26040 2 0
28380 26880 2 0
28380 27720 2 0
28380 28560 2 0
28380 29400 2 0
28380 30240 2 0
28380 31080 2 0
28380 31920 2 0
28380 32760 2 0
28380 33600 2 0
28380 34440 2 0
28380 35280 2 0
28380 36120 2 0
28380 36960 2 0
28380 37800 2 0
28380 38640 2 0
28380 39480 2 0
28380 40320 2 0
28380 41160 2 0
28380 42000 2 0
28380 42840 2 0
28380 43680 2 0
28380 44520 2 0
28380 45360 2 0
29240 0 2 0
29240 840 2 0
29240 1680 2 0
29240 2520 2 0
29240 3360 2 0
29240 4200 2 0
29240 5040 2 0
29240 5880 2 0
29240 6720 2 0
29240 7560 2 0
29240 8400 2 0
29240 9240 2 0
29240 10080 2 0
29240 10920 2 0
29240 11760 2 0
29240 12600 2 0
29240 13440 2 0
29240 14280 2 0
29240 15120 2 0
29240 15960 2 0
29240 16800 2 0
29240 17640 2 0
29240 18480 2 0
29240 19320 2 0
29240 20160 2 0
29240 21000 2 0
29240 21840 2 0
29240 22680 2 0
29240 23520 2 0
29240 24360 2 0
29240 25200 2 0
29240 26040 2 0
29240 26880 2 0
29240 27720 2 0
29240 28560 2 0
29240 29400 2 0
29240 30240 2 0
29240 31080 2 0
29240 31920 2 0
29240 32760 2 0
29240 33600 2 0
29240 34440 2 0
29240 35280 2 0
29240 36120 2 0
29240 36960 2 0
29240 37800 2 0
29240 38640 2 0
29240 39480 2 0
29240 40320 2 0
29240 41160 2 0
29240 42000 2 0
29240 42840 2 0
29240 43680 2 0
29240 44520 2 0
29240 45360 2 0
0 0 3 0
860 0 3 0
1720 0 3 0
2580 0 3 0
2960 0 3 0
3440 0 3 0
4300 0 3 0
5160 0 3 0
5920 0 3 0
6020 0 3 0
6880 0 3 0
7740 0 3 0
8600 0 3 0
8880 0 3 0
9460 0 3 0
10320 0 3 0
11180 0 3 0
11840 0 3 0
12040 0 3 0
12900 0 3 0
13760 0 3 0
14620 0 3 0
14800 0 3 0
15480 0 3 0
16340 0 3 0
17200 0 3 0
17760 0 3 0
18060 0 3 0
18920 0 3 0
19780 0 3 0
20640 0 3 0
20720 0 3 0
21500 0 3 0
22360 0 3 0
23220 0 3 0
23680 0 3 0
24080 0 3 0
24940 0 3 0
25800 0 3 0
26640 0 3 0
26660 0 3 0
27520 0 3 0
28380 0 3 0
29240 0 3 0
0 2520 3 0
860 2520 3 0
1720 2520 3 0
2580 2520 3 0
2960 2520 3 0
3440 2520 3 0
4300 2520 3 0
5160 2520 3 0
5920 2520 3 0
6020 2520 3 0
6880 2520 3 0
7740 2520 3 0
8600 2520 3 0
8880 2520 3 0
9460 2520 3 0
10320 2520 3 0
11180 2520 3 0
11840 2520 3 0
12040 2520 3 0
12900 2520 3 0
13760 2520 3 0
14620 2520 3 0
14800 2520 3 0
15480 2520 3 0
16340 2520 3 0
17200 2520 3 0
17760 2520 3 0
18060 2520 3 0
18920 2520 3 0
19780 2520 3 0
20640 2520 3 0
20720 2520 3 0
21500 2520 3 0
22360 2520 3 0
23220 2520 3 0
23680 2520 3 0
24080 2520 3 0
24940 2520 3 0
25800 2520 3 0
26640 2520 3 0
26660 2520 3 0
27520 2520 3 0
28380 2520 3 0
29240 2520 3 0
0 5040 3 0
860 5040 3 0
1720 5040 3 0
2580 5040 3 0
2960 5040 3 0
3440 5040 3 0
4300 5040 3 0
5160 5040 3 0
5920 5040 3 0
6020 5040 3 0
6880 5040 3 0
7740 5040 3 0
8600 5040 3 0
8880 5040 3 0
9460 5040 3 0
10320 5040 3 0
11180 5040 3 0
11840 5040 3 0
12040 5040 3 0
12900 5040 3 0
13760 5040 3 0
14620 5040 3 0
14800 5040 3 0
15480 5040 3 0
16340 5040 3 0
17200 5040 3 0
17760 5040 3 0
18060 5040 3 0
18920 5040 3 0
19780 5040 3 0
20640 5040 3 0
20720 5040 3 0
21500 5040 3 0
22360 5040 3 0
23220 5040 3 0
23680 5040 3 0
24080 5040 3 0
24940 5040 3 0
25800 5040 3 0
26640 5040 3 0
26660 5040 3 0
27520 5040 3 0
28380 5040 3 0
29240 5040 3 0
0 7560 3 0
860 7560 3 0
1720 7560 3 0
8600 7560 3 0
8880 7560 3 0
9460 7560 3 0
10320 7560 3 0
11180 7560 3 0
11840 7560 3 0
12040 7560 3 0
12900 7560 3 0
13760 7560 3 0
14620 7560 3 0
14800 7560 3 0
15480 7560 3 0
16340 7560 3 0
17200 7560 3 0
17760 7560 3 0
18060 7560 3 0
18920 7560 3 0
19780 7560 3 0
20640 7560 3 0
20720 7560 3 0
21500 7560 3 0
22360 7560 3 0
23220 7560 3 0
23680 7560 3 0
24080 7560 3 0
24940 7560 3 0
25800 7560 3 0
26640 7560 3 0
26660 7560 3 0
27520 7560 3 0
28380 7560 3 0
29240 7560 3 0
0 10080 3 0
860 10080 3 0
1720 10080 3 0
2580 10080 3 0
2960 10080 3 0
3440 10080 3 0
4300 10080 3 0
5160 10080 3 0
5920 10080 3 0
6020 10080 3 0
6880 10080 3 0
7740 10080 3 0
8600 10080 3 0
8880 10080 3 0
9460 10080 3 0
10320 10080 3 0
11180 10080 3 0
11840 10080 3 0
12040 10080 3 0
12900 10080 3 0
13760 10080 3 0
14620 10080 3 0
14800 10080 3 0
15480 10080 3 0
16340 10080 3 0
17200 10080 3 0
17760 10080 3 0
18060 10080 3 0
18920 10080 3 0
19780 10080 3 0
20640 10080 3 0
20720 10080 3 0
21500 10080 3 0
22360 10080 3 0
23220 10080 3 0
23680 10080 3 0
24080 10080 3 0
24940 10080 3 0
25800 10080 3 0
26640 10080 3 0
26660 10080 3 0
27520 10080 3 0
28380 10080 3 0
29240 10080 3 0
0 12600 3 0
860 12600 3 0
1720 12600 3 0
2580 12600 3 0
2960 12600 3 0
3440 12600 3 0
4300 12600 3 0
5160 12600 3 0
5920 12600 3 0
6020 12600 3 0
6880 12600 3 0
7740 12600 3 0
8600 12600 3 0
8880 12600 3 0
9460 12600 3 0
10320 12600 3 0
11180 12600 3 0
11840 12600 3 0
12040 12600 3 0
12900 12600 3 0
13760 12600 3 0
14620 12600 3 0
14800 12600 3 0
15480 12600 3 0
16340 12600 3 0
17200 12600 3 0
17760 12600 3 0
18060 12600 3 0
18920 12600 3 0
19780 12600 3 0
20640 12600 3 0
20720 12600 3 0
21500 12600 3 0
22360 12600 3 0
23220 12600 3 0
23680 12600 3 0
24080 12600 3 0
24940 12600 3 0
25800 12600 3 0
26640 12600 3 0
26660 12600 3 0
27520 12600 3 0
28380 12600 3 0
29240 12600 3 0
0 15120 3 0
860 15120 3 0
1720 15120 3 0
2580 15120 3 0
2960 15120 3 0
3440 15120 3 0
4300 15120 3 0
5160 15120 3 0
5920 15120 3 0
6020 15120 3 0
6880 15120 3 0
7740 15120 3 0
8600 15120 3 0
8880 15120 3 0
9460 15120 3 0
10320 15120 3 0
11180 15120 3 0
11840 15120 3 0
12040 15120 3 0
12900 15120 3 0
13760 15120 3 0
14620 15120 3 0
14800 15120 3 0
15480 15120 3 0
16340 15120 3 0
17200 15120 3 0
17760 15120 3 0
18060 15120 3 0
18920 15120 3 0
19780 15120 3 0
20640 15120 3 0
20720 15120 3 0
21500 15120 3 0
22360 15120 3 0
23220 15120 3 0
23680 15120 3 0
24080 15120 3 0
24940 15120 3 0
25800 15120 3 0
26640 15120 3 0
26660 15120 3 0
27520 15120 3 0
28380 15120 3 0
29240 15120 3 0
0 17640 3 0
860 17640 3 0
1720 17640 3 0
2580 17640 3 0
2960 17640 3 0
3440 17640 3 0
4300 17640 3 0
5160 17640 3 0
5920 17640 3 0
6020 17640 3 0
6880 17640 3 0
7740 17640 3 0
8600 17640 3 0
8880 17640 3 0
9460 17640 3 0
10320 17640 3 0
11180 17640 3 0
11840 17640 3 0
12040 17640 3 0
12900 17640 3 0
13760 17640 3 0
14620 17640 3 0
14800 17640 3 0
15480 17640 3 0
16340 17640 3 0
17200 17640 3 0
17760 17640 3 0
18060 17640 3 0
18920 17640 3 0
19780 17640 3 0
20640 17640 3 0
20720 17640 3 0
21500 17640 3 0
22360 17640 3 0
23220 17640 3 0
23680 17640 3 0
24080 17640 3 0
24940 17640 3 0
25800 17640 3 0
26640 17640 3 0
26660 17640 3 0
27520 17640 3 0
28380 17640 3 0
29240 17640 3 0
0 20160 3 0
860 20160 3 0
1720 20160 3 0
2580 20160 3 0
2960 20160 3 0
3440 20160 3 0
4300 20160 3 0
5160 20160 3 0
5920 20160 3 0
6020 20160 3 0
6880 20160 3 0
7740 20160 3 0
8600 20160 3 0
8880 20160 3 0
9460 20160 3 0
10320 20160 3 0
11180 20160 3 0
11840 20160 3 0
12040 20160 3 0
12900 20160 3 0
13760 20160 3 0
14620 20160 3 0
14800 20160 3 0
15480 20160 3 0
16340 20160 3 0
17200 20160 3 0
17760 20160 3 0
18060 20160 3 0
18920 20160 3 0
19780 20160 3 0
20640 20160 3 0
20720 20160 3 0
21500 20160 3 0
22360 20160 3 0
23220 20160 3 0
23680 20160 3 0
24080 20160 3 0
24940 20160 3 0
25800 20160 3 0
26640 20160 3 0
26660 20160 3 0
27520 20160 3 0
28380 20160 3 0
29240 20160 3 0
0 22680 3 0
860 22680 3 0
1720 22680 3 0
2580 22680 3 0
2960 22680 3 0
3440 22680 3 0
4300 22680 3 0
5160 22680 3 0
5920 22680 3 0
6020 22680 3 0
6880 22680 3 0
7740 22680 3 0
8600 22680 3 0
8880 22680 3 0
9460 22680 3 0
10320 22680 3 0
11180 22680 3 0
11840 22680 3 0
12040 22680 3 0
12900 22680 3 0
13760 22680 3 0
14620 22680 3 0
14800 22680 3 0
15480 22680 3 0
16340 22680 3 0
17200 22680 3 0
17760 22680 3 0
18060 22680 3 0
18920 22680 3 0
19780 22680 3 0
20640 22680 3 0
20720 22680 3 0
21500 22680 3 0
22360 22680 3 0
23220 22680 3 0
23680 22680 3 0
24080 22680 3 0
24940 22680 3 0
25800 22680 3 0
26640 22680 3 0
26660 22680 3 0
27520 22680 3 0
28380 22680 3 0
29240 22680 3 0
0 25200 3 0
860 25200 3 0
1720 25200 3 0
2580 25200 3 0
2960 25200 3 0
3440 25200 3 0
4300 25200 3 0
5160 25200 3 0
5920 25200 3 0
6020 25200 3 0
6880 25200 3 0
7740 25200 3 0
8600 25200 3 0
8880 25200 3 0
9460 25200 3 0
10320 25200 3 0
11180 25200 3 0
11840 25200 3 0
12040 25200 3 0
12900 25200 3 0
13760 25200 3 0
14620 25200 3 0
14800 25200 3 0
15480 25200 3 0
16340 25200 3 0
17200 25200 3 0
17760 25200 3 0
18060 25200 3 0
18920 25200 3 0
19780 25200 3 0
20640 25200 3 0
20720 25200 3 0
21500 25200 3 0
22360 25200 3 0
23220 25200 3 0
23680 25200 3 0
24080 25200 3 0
24940 25200 3 0
25800 25200 3 0
26640 25200 3 0
26660 25200 3 0
27520 25200 3 0
28380 25200 3 0
29240 25200 3 0
0 27720 3 0
860 27720 3 0
1720 27720 3 0
2580 27720 3 0
2960 27720 3 0
3440 27720 3 0
4300 27720 3 0
5160 27720 3 0
5920 27720 3 0
6020 27720 3 0
6880 27720 3 0
7740 27720 3 0
8600 27720 3 0
8880 27720 3 0
9460 27720 3 0
10320 27720 3 0
11180 27720 3 0
11840 27720 3 0
12040 27720 3 0
12900 27720 3 0
13760 27720 3 0
14620 27720 3 0
14800 27720 3 0
15480 27720 3 0
16340 27720 3 0
17200 27720 3 0
17760 27720 3 0
18060 27720 3 0
18920 27720 3 0
19780 27720 3 0
20640 27720 3 0
20720 27720 3 0
21500 27720 3 0
22360 27720 3 0
23220 27720 3 0
23680 27720 3 0
24080 27720 3 0
24940 27720 3 0
25800 27720 3 0
26640 27720 3 0
26660 27720 3 0
27520 27720 3 0
28380 27720 3 0
29240 27720 3 0
0 30240 3 0
860 30240 3 0
1720 30240 3 0
2580 30240 3 0
2960 30240 3 0
3440 30240 3 0
4300 30240 3 0
5160 30240 3 0
5920 30240 3 0
6020 30240 3 0
6880 30240 3 0
7740 30240 3 0
8600 30240 3 0
8880 30240 3 0
9460 30240 3 0
10320 30240 3 0
11180 30240 3 0
11840 30240 3 0
12040 30240 3 0
12900 30240 3 0
13760 30240 3 0
14620 30240 3 0
14800 30240 3 0
15480 30240 3 0
16340 30240 3 0
17200 30240 3 0
17760 30240 3 0
18060 30240 3 0
18920 30240 3 0
19780 30240 3 0
20640 30240 3 0
20720 30240 3 0
21500 30240 3 0
22360 30240 3 0
23220 30240 3 0
23680 30240 3 0
24080 30240 3 0
24940 30240 3 0
25800 30240 3 0
26640 30240 3 0
26660 30240 3 0
27520 30240 3 0
28380 30240 3 0
29240 30240 3 0
0 32760 3 0
860 32760 3 0
1720 32760 3 0
2580 32760 3 0
2960 32760 3 0
3440 32760 3 0
4300 32760 3 0
5160 32760 3 0
5920 32760 3 0
6020 32760 3 0
6880 32760 3 0
7740 32760 3 0
8600 32760 3 0
8880 32760 3 0
9460 32760 3 0
10320 32760 3 0
11180 32760 3 0
11840 32760 3 0
12040 32760 3 0
12900 32760 3 0
13760 32760 3 0
14620 32760 3 0
14800 32760 3 0
15480 32760 3 0
16340 32760 3 0
17200 32760 3 0
17760 32760 3 0
18060 32760 3 0
18920 32760 3 0
19780 32760 3 0
20640 32760 3 0
20720 32760 3 0
21500 32760 3 0
22360 32760 3 0
23220 32760 3 0
23680 32760 3 0
24080 32760 3 0
24940 32760 3 0
25800 32760 3 0
26640 32760 3 0
26660 32760 3 0
27520 32760 3 0
28380 32760 3 0
29240 32760 3 0
0 35280 3 0
860 35280 3 0
1720 35280 3 0
2580 35280 3 0
2960 35280 3 0
3440 35280 3 0
4300 35280 3 0
5160 35280 3 0
5920 35280 3 0
6020 35280 3 0
6880 35280 3 0
7740 35280 3 0
8600 35280 3 0
8880 35280 3 0
9460 35280 3 0
10320 35280 3 0
11180 35280 3 0
11840 35280 3 0
12040 35280 3 0
12900 35280 3 0
13760 35280 3 0
14620 35280 3 0
14800 35280 3 0
15480 35280 3 0
16340 35280 3 0
17200 35280 3 0
17760 35280 3 0
18060 35280 3 0
18920 35280 3 0
19780 35280 3 0
20640 35280 3 0
20720 35280 3 0
21500 35280 3 0
22360 35280 3 0
23220 35280 3 0
23680 35280 3 0
24080 35280 3 0
24940 35280 3 0
25800 35280 3 0
26640 35280 3 0
26660 35280 3 0
27520 35280 3 0
28380 35280 3 0
29240 35280 3 0
0 37800 3 0
860 37800 3 0
1720 37800 3 0
2580 37800 3 0
2960 37800 3 0
3440 37800 3 0
4300 37800 3 0
5160 37800 3 0
5920 37800 3 0
6020 37800 3 0
6880 37800 3 0
7740 37800 3 0
8600 37800 3 0
8880 37800 3 0
9460 37800 3 0
10320 37800 3 0
11180 37800 3 0
11840 37800 3 0
12040 37800 3 0
12900 37800 3 0
13760 37800 3 0
14620 37800 3 0
14800 37800 3 0
15480 37800 3 0
16340 37800 3 0
17200 37800 3 0
17760 37800 3 0
18060 37800 3 0
18920 37800 3 0
19780 37800 3 0
20640 37800 3 0
20720 37800 3 0
21500 37800 3 0
22360 37800 3 0
23220 37800 3 0
23680 37800 3 0
24080 37800 3 0
24940 37800 3 0
25800 37800 3 0
26640 37800 3 0
26660 37800 3 0
27520 37800 3 0
28380 37800 3 0
29240 37800 3 0
0 40320 3 0
860 40320 3 0
1720 40320 3 0
2580 40320 3 0
2960 40320 3 0
3440 40320 3 0
4300 40320 3 0
5160 40320 3 0
5920 40320 3 0
6020 40320 3 0
6880 40320 3 0
7740 40320 3 0
8600 40320 3 0
8880 40320 3 0
9460 40320 3 0
10320 40320 3 0
11180 40320 3 0
11840 40320 3 0
12040 40320 3 0
12900 40320 3 0
13760 40320 3 0
14620 40320 3 0
14800 40320 3 0
15480 40320 3 0
16340 40320 3 0
17200 40320 3 0
17760 40320 3 0
18060 40320 3 0
18920 40320 3 0
19780 40320 3 0
20640 40320 3 0
20720 40320 3 0
21500 40320 3 0
22360 40320 3 0
23220 40320 3 0
23680 40320 3 0
24080 40320 3 0
24940 40320 3 0
25800 40320 3 0
26640 40320 3 0
26660 40320 3 0
27520 40320 3 0
28380 40320 3 0
29240 40320 3 0
0 42840 3 0
860 42840 3 0
1720 42840 3 0
2580 42840 3 0
2960 42840 3 0
3440 42840 3 0
4300 42840 3 0
5160 42840 3 0
5920 42840 3 0
6020 42840 3 0
6880 42840 3 0
7740 42840 3 0
8600 42840 3 0
8880 42840 3 0
9460 42840 3 0
10320 42840 3 0
11180 42840 3 0
11840 42840 3 0
12040 42840 3 0
12900 42840 3 0
13760 42840 3 0
14620 42840 3 0
14800 42840 3 0
15480 42840 3 0
16340 42840 3 0
17200 42840 3 0
17760 42840 3 0
18060 42840 3 0
18920 42840 3 0
19780 42840 3 0
20640 42840 3 0
20720 42840 3 0
21500 42840 3 0
22360 42840 3 0
23220 42840 3 0
23680 42840 3 0
24080 42840 3 0
24940 42840 3 0
25800 42840 3 0
26640 42840 3 0
26660 42840 3 0
27520 42840 3 0
28380 42840 3 0
29240 42840 3 0
0 45360 3 0
860 45360 3 0
1720 45360 3 0
2580 45360 3 0
2960 45360 3 0
3440 45360 3 0
4300 45360 3 0
5160 45360 3 0
5920 45360 3 0
6020 45360 3 0
6880 45360 3 0
7740 45360 3 0
8600 45360 3 0
8880 45360 3 0
9460 45360 3 0
10320 45360 3 0
11180 45360 3 0
11840 45360 3 0
12040 45360 3 0
12900 45360 3 0
13760 45360 3 0
14620 45360 3 0
14800 45360 3 0
15480 45360 3 0
16340 45360 3 0
17200 45360 3 0
17760 45360 3 0
18060 45360 3 0
18920 45360 3 0
19780 45360 3 0
20640 45360 3 0
20720 45360 3 0
21500 45360 3 0
22360 45360 3 0
23220 45360 3 0
23680 45360 3 0
24080 45360 3 0
24940 45360 3 0
25800 45360 3 0
26640 45360 3 0
26660 45360 3 0
27520 45360 3 0
28380 45360 3 0
29240 45360 3 0
0 0 4 0
0 2520 4 0
0 5040 4 0
0 7560 4 0
0 10080 4 0
0 11200 4 0
0 12600 4 0
0 15120 4 0
0 17640 4 0
0 20160 4 0
0 22400 4 0
0 22680 4 0
0 25200 4 0
0 27720 4 0
0 30240 4 0
0 32760 4 0
0 33600 4 0
0 35280 4 0
0 37800 4 0
0 40320 4 0
0 42840 4 0
0 44800 4 0
0 45360 4 0
2960 0 4 0
2960 2520 4 0
2960 5040 4 0
2960 7560 4 0
2960 10080 4 0
2960 11200 4 0
2960 12600 4 0
2960 15120 4 0
2960 17640 4 0
2960 20160 4 0
2960 22400 4 0
2960 22680 4 0
2960 25200 4 0
2960 27720 4 0
2960 30240 4 0
2960 32760 4 0
2960 33600 4 0
2960 35280 4 0
2960 37800 4 0
2960 40320 4 0
2960 42840 4 0
2960 44800 4 0
2960 45360 4 0
5920 0 4 0
5920 2520 4 0
5920 5040 4 0
5920 7560 4 0
5920 10080 4 0
5920 11200 4 0
5920 12600 4 0
5920 15120 4 0
5920 17640 4 0
5920 20160 4 0
5920 22400 4 0
5920 22680 4 0
5920 25200 4 0
5920 27720 4 0
5920 30240 4 0
5920 32760 4 0
5920 33600 4 0
5920 35280 4 0
5920 37800 4 0
5920 40320 4 0
5920 42840 4 0
5920 44800 4 0
5920 45360 4 0
8880 0 4 0
8880 2520 4 0
8880 5040 4 0
8880 7560 4 0
8880 10080 4 0
8880 11200 4 0
8880 12600 4 0
8880 15120 4 0
8880 17640 4 0
8880 20160 4 0
8880 22400 4 0
8880 22680 4 0
8880 25200 4 0
8880 27720 4 0
8880 30240 4 0
8880 32760 4 0
8880 33600 4 0
8880 35280 4 0
8880 37800 4 0
8880 40320 4 0
8880 42840 4 0
8880 44800 4 0
8880 45360 4 0
11840 0 4 0
11840 2520 4 0
11840 5040 4 0
11840 7560 4 0
11840 10080 4 0
11840 11200 4 0
11840 12600 4 0
11840 15120 4 0
11840 17640 4 0
11840 20160 4 0
11840 22400 4 0
11840 22680 4 0
11840 25200 4 0
11840 27720 4 0
11840 30240 4 0
11840 32760 4 0
11840 33600 4 0
11840 35280 4 0
11840 37800 4 0
11840 40320 4 0
11840 42840 4 0
11840 44800 4 0
11840 45360 4 0
14800 0 4 0
14800 2520 4 0
14800 5040 4 0
14800 7560 4 0
14800 10080 4 0
14800 11200 4 0
14800 12600 4 0
14800 15120 4 0
14800 17640 4 0
14800 20160 4 0
14800 22400 4 0
14800 22680 4 0
14800 25200 4 0
14800 27720 4 0
14800 30240 4 0
14800 32760 4 0
14800 33600 4 0
14800 35280 4 0
14800 37800 4 0
14800 40320 4 0
14800 42840 4 0
14800 44800 4 0
14800 45360 4 0
17760 0 4 0
17760 2520 4 0
17760 5040 4 0
17760 7560 4 0
17760 10080 4 0
17760 11200 4 0
17760 12600 4 0
17760 15120 4 0
17760 17640 4 0
17760 20160 4 0
17760 22400 4 0
17760 22680 4 0
17760 25200 4 0
17760 27720 4 0
17760 30240 4 0
17760 32760 4 0
17760 33600 4 0
17760 35280 4 0
17760 37800 4 0
17760 40320 4 0
17760 42840 4 0
17760 44800 4 0
17760 45360 4 0
20720 0 4 0
20720 2520 4 0
20720 5040 4 0
20720 7560 4 0
20720 10080 4 0
20720 11200 4 0
20720 12600 4 0
20720 15120 4 0
20720 17640 4 0
20720 20160 4 0
20720 22400 4 0
20720 22680 4 0
20720 25200 4 0
20720 27720 4 0
20720 30240 4 0
20720 32760 4 0
20720 33600 4 0
20720 35280 4 0
20720 37800 4 0
20720 40320 4 0
20720 42840 4 0
20720 44800 4 0
20720 45360 4 0
23680 0 4 0
23680 2520 4 0
23680 5040 4 0
23680 7560 4 0
23680 10080 4 0
23680 11200 4 0
23680 12600 4 0
23680 15120 4 0
23680 17640 4 0
23680 20160 4 0
23680 22400 4 0
23680 22680 4 0
23680 25200 4 0
23680 27720 4 0
23680 30240 4 0
23680 32760 4 0
23680 33600 4 0
23680 35280 4 0
23680 37800 4 0
23680 40320 4 0
23680 42840 4 0
23680 44800 4 0
23680 45360 4 0
26640 0 4 0
26640 2520 4 0
26640 5040 4 0
26640 7560 4 0
26640 10080 4 0
26640 11200 4 0
26640 12600 4 0
26640 15120 4 0
26640 17640 4 0
26640 20160 4 0
26640 22400 4 0
26640 22680 4 0
26640 25200 4 0
26640 27720 4 0
26640 30240 4 0
26640 32760 4 0
26640 33600 4 0
26640 35280 4 0
26640 37800 4 0
26640 40320 4 0
26640 42840 4 0
26640 44800 4 0
26640 45360 4 0
12040 13440 1 1
12900 13440 1 1
13760 13440 1 1
14620 13440 1 1
15480 13440 1 1
12900 13440 1 1
12900 13440 2 1
12900 14280 2 1
12900 15120 2 1
12900 15960 2 1
12900 16800 2 1
12900 17640 2 1
12900 18480 2 1
12900 19320 2 1
12900 20160 2 1
12900 21000 2 1
12900 21840 2 1
12900 22680 2 1
12900 23520 2 1
12900 24360 2 1
12900 25200 2 1
12900 26040 2 1
12900 26880 2 1
12900 27720 2 1
12900 28560 2 1
12900 29400 2 1
12900 30240 2 1
12900 31080 2 1
12900 31920 2 1
12900 32760 2 1
12900 33600 2 1
12900 34440 2 1
12900 35280 2 1
12900 36120 2 1
12900 36960 2 1
12900 37800 2 1
12900 38640 2 1
12900 39480 2 1
12900 40320 2 1
12900 41160 2 1
12900 42000 2 1
12900 42840 2 1
12900 43680 2 1
12900 43680 1 1
12900 13440 2 1
12900 13440 1 1
12900 43680 2 1
12900 43680 1 1
12040 43680 1 1
12900 43680 1 1
13760 43680 1 1
14620 43680 1 1
15480 43680 1 1
15480 13440 1 1
16340 13440 1 1
17200 13440 1 1
18060 13440 1 1
18920 13440 1 1
18920 13440 1 1
19780 13440 1 1
20640 13440 1 1
21500 13440 1 1
22360 13440 1 1
12900 28560 2 1
12900 28560 1 1
12900 28560 2 1
12900 28560 1 1
12040 28560 1 1
12900 28560 1 1
13760 28560 1 1
14620 28560 1 1
15480 28560 1 1
18920 28560 1 1
19780 28560 1 1
20640 28560 1 1
21500 28560 1 1
22360 28560 1 1
