780 1400 6100 1960 1 2
780 1400 6100 1960 2 2
760 1400 6120 1960 0 2
760 1400 6120 1960 1 2
1470 220 1970 8180 0 2
1470 220 1970 8180 1 2
1640 560 5240 1120 1 2
1640 560 5240 1120 2 2
1620 560 5260 1120 0 2
1620 560 5260 1120 1 2
1640 13160 5240 13720 1 2
1640 13160 5240 13720 2 2
1620 13160 5260 13720 0 2
1620 13160 5260 13720 1 2
2330 220 2830 8180 0 2
2330 220 2830 8180 1 2
2330 7780 2830 10700 0 2
2330 7780 2830 10700 1 2
2330 11980 2830 14900 0 2
2330 11980 2830 14900 1 2
3190 220 3690 8180 0 2
3190 220 3690 8180 1 2
4050 220 4550 8180 0 2
4050 220 4550 8180 1 2
4050 7780 4550 10700 0 2
4050 7780 4550 10700 1 2
4050 11980 4550 14900 0 2
4050 11980 4550 14900 1 2
3700 560 8340 1120 1 2
3700 560 8340 1120 2 2
3680 560 8360 1120 0 2
3680 560 8360 1120 1 2
4910 220 5410 8180 0 2
4910 220 5410 8180 1 2
6800 560 10400 1120 1 2
6800 560 10400 1120 2 2
6780 560 10420 1120 0 2
6780 560 10420 1120 1 2
7660 1400 11260 1960 1 2
7660 1400 11260 1960 2 2
7640 1400 11280 1960 0 2
7640 1400 11280 1960 1 2
7660 13160 11260 13720 1 2
7660 13160 11260 13720 2 2
7640 13160 11280 13720 0 2
7640 13160 11280 13720 1 2
8350 220 8850 8180 0 2
8350 220 8850 8180 1 2
9210 220 9710 8180 0 2
9210 220 9710 8180 1 2
9210 7780 9710 10700 0 2
9210 7780 9710 10700 1 2
9210 11980 9710 14900 0 2
9210 11980 9710 14900 1 2
10040 710 10600 14410 2 2
10040 710 10600 14410 3 2
10040 760 10600 14360 1 2
10040 760 10600 14360 2 2
10070 220 10570 8180 0 2
10070 220 10570 8180 1 2
