16600 25760 35860 26320 1 2
16600 25760 35860 26320 2 2
16580 25760 35880 26320 0 2
16580 25760 35880 26320 1 2
27270 27100 27770 35060 0 2
27270 27100 27770 35060 1 2
34150 8620 34650 16580 0 2
34150 8620 34650 16580 1 2
34150 27100 34650 35060 0 2
34150 27100 34650 35060 1 2
34320 3080 37920 3640 1 2
34320 3080 37920 3640 2 2
34300 3080 37940 3640 0 2
34300 3080 37940 3640 1 2
34320 7280 37920 7840 1 2
34320 7280 37920 7840 2 2
34300 7280 37940 7840 0 2
34300 7280 37940 7840 1 2
34320 14840 37920 15400 1 2
34320 14840 37920 15400 2 2
34300 14840 37940 15400 0 2
34300 14840 37940 15400 1 2
34320 21560 37920 22120 1 2
34320 21560 37920 22120 2 2
34300 21560 37940 22120 0 2
34300 21560 37940 22120 1 2
34320 24920 37920 25480 1 2
34320 24920 37920 25480 2 2
34300 24920 37940 25480 0 2
34300 24920 37940 25480 1 2
34320 33320 37920 33880 1 2
34320 33320 37920 33880 2 2
34300 33320 37940 33880 0 2
34300 33320 37940 33880 1 2
34340 3080 36180 3640 1 2
34340 3080 36180 3640 2 2
34320 3080 36200 3640 0 2
34320 3080 36200 3640 1 2
34340 21560 36180 22120 1 2
34340 21560 36180 22120 2 2
34320 21560 36200 22120 0 2
34320 21560 36200 22120 1 2
34340 24920 36180 25480 1 2
34340 24920 36180 25480 2 2
34320 24920 36200 25480 0 2
34320 24920 36200 25480 1 2
34340 25760 36180 26320 1 2
34340 25760 36180 26320 2 2
34320 25760 36200 26320 0 2
34320 25760 36200 26320 1 2
34980 2390 35540 4330 2 2
34980 2390 35540 4330 3 2
34980 2440 35540 4280 1 2
34980 2440 35540 4280 2 2
34980 2710 35540 22490 2 2
34980 2710 35540 22490 3 2
34980 2760 35540 22440 1 2
34980 2760 35540 22440 2 2
34980 20870 35540 22810 2 2
34980 20870 35540 22810 3 2
34980 20920 35540 22760 1 2
34980 20920 35540 22760 2 2
34980 24230 35540 26170 2 2
34980 24230 35540 26170 3 2
34980 24280 35540 26120 1 2
34980 24280 35540 26120 2 2
34980 24550 35540 26690 2 2
34980 24550 35540 26690 3 2
34980 24600 35540 26640 1 2
34980 24600 35540 26640 2 2
34980 25070 35540 27010 2 2
34980 25070 35540 27010 3 2
34980 25120 35540 26960 1 2
34980 25120 35540 26960 2 2
35010 1900 35510 4820 0 2
35010 1900 35510 4820 1 2
35010 6100 35510 9020 0 2
35010 6100 35510 9020 1 2
35010 8620 35510 16580 0 2
35010 8620 35510 16580 1 2
35010 20380 35510 23300 0 2
35010 20380 35510 23300 1 2
35010 24580 35510 27500 0 2
35010 24580 35510 27500 1 2
35010 27100 35510 35060 0 2
35010 27100 35510 35060 1 2
35180 6440 38780 7000 1 2
35180 6440 38780 7000 2 2
35160 6440 38800 7000 0 2
35160 6440 38800 7000 1 2
35200 24920 37040 25480 1 2
35200 24920 37040 25480 2 2
35180 24920 37060 25480 0 2
35180 24920 37060 25480 1 2
35840 5750 36400 16090 2 2
35840 5750 36400 16090 3 2
35840 5800 36400 16040 1 2
35840 5800 36400 16040 2 2
35840 14470 36400 25850 2 2
35840 14470 36400 25850 3 2
35840 14520 36400 25800 1 2
35840 14520 36400 25800 2 2
35840 24230 36400 26170 2 2
35840 24230 36400 26170 3 2
35840 24280 36400 26120 1 2
35840 24280 36400 26120 2 2
35870 8620 36370 16580 0 2
35870 8620 36370 16580 1 2
35870 27100 36370 35060 0 2
35870 27100 36370 35060 1 2
36040 15680 39640 16240 1 2
36040 15680 39640 16240 2 2
36020 15680 39660 16240 0 2
36020 15680 39660 16240 1 2
36040 25760 39640 26320 1 2
36040 25760 39640 26320 2 2
36020 25760 39660 26320 0 2
36020 25760 39660 26320 1 2
36060 25760 37900 26320 1 2
36060 25760 37900 26320 2 2
36040 25760 37920 26320 0 2
36040 25760 37920 26320 1 2
36700 6590 37260 16930 2 2
36700 6590 37260 16930 3 2
36700 6640 37260 16880 1 2
36700 6640 37260 16880 2 2
36700 15310 37260 26690 2 2
36700 15310 37260 26690 3 2
36700 15360 37260 26640 1 2
36700 15360 37260 26640 2 2
36700 25070 37260 27010 2 2
36700 25070 37260 27010 3 2
36700 25120 37260 26960 1 2
36700 25120 37260 26960 2 2
36730 1900 37230 4820 0 2
36730 1900 37230 4820 1 2
36730 6100 37230 9020 0 2
36730 6100 37230 9020 1 2
36730 8620 37230 16580 0 2
36730 8620 37230 16580 1 2
36730 20380 37230 23300 0 2
36730 20380 37230 23300 1 2
36730 24580 37230 27500 0 2
36730 24580 37230 27500 1 2
36730 27100 37230 35060 0 2
36730 27100 37230 35060 1 2
37590 8620 38090 16580 0 2
37590 8620 38090 16580 1 2
37590 27100 38090 35060 0 2
37590 27100 38090 35060 1 2
38100 25760 55640 26320 1 2
38100 25760 55640 26320 2 2
38080 25760 55660 26320 0 2
38080 25760 55660 26320 1 2
43780 33320 69740 33880 1 2
43780 33320 69740 33880 2 2
43760 33320 69760 33880 0 2
43760 33320 69760 33880 1 2
44470 27100 44970 35060 0 2
44470 27100 44970 35060 1 2
