2500 33320 28460 33880 1 2
2500 33320 28460 33880 2 2
2480 33320 28480 33880 0 2
2480 33320 28480 33880 1 2
2500 40040 28460 40600 1 2
2500 40040 28460 40600 2 2
2480 40040 28480 40600 0 2
2480 40040 28480 40600 1 2
3190 27100 3690 35060 0 2
3190 27100 3690 35060 1 2
3190 38860 3690 46820 0 2
3190 38860 3690 46820 1 2
13680 21560 17280 22120 1 2
13680 21560 17280 22120 2 2
13660 21560 17300 22120 0 2
13660 21560 17300 22120 1 2
13680 34160 17280 34720 1 2
13680 34160 17280 34720 2 2
13660 34160 17300 34720 0 2
13660 34160 17300 34720 1 2
13680 39200 17280 39760 1 2
13680 39200 17280 39760 2 2
13660 39200 17300 39760 0 2
13660 39200 17300 39760 1 2
13680 51800 17280 52360 1 2
13680 51800 17280 52360 2 2
13660 51800 17300 52360 0 2
13660 51800 17300 52360 1 2
14340 20870 14900 35410 2 2
14340 20870 14900 35410 3 2
14340 20920 14900 35360 1 2
14340 20920 14900 35360 2 2
14340 38510 14900 53050 2 2
14340 38510 14900 53050 3 2
14340 38560 14900 53000 1 2
14340 38560 14900 53000 2 2
14540 25760 18140 26320 1 2
14540 25760 18140 26320 2 2
14520 25760 18160 26320 0 2
14520 25760 18160 26320 1 2
14540 47600 18140 48160 1 2
14540 47600 18140 48160 2 2
14520 47600 18160 48160 0 2
14520 47600 18160 48160 1 2
15230 20380 15730 23300 0 2
15230 20380 15730 23300 1 2
15230 24580 15730 27500 0 2
15230 24580 15730 27500 1 2
15230 27100 15730 35060 0 2
15230 27100 15730 35060 1 2
15230 38860 15730 46820 0 2
15230 38860 15730 46820 1 2
15230 46420 15730 49340 0 2
15230 46420 15730 49340 1 2
15230 50620 15730 53540 0 2
15230 50620 15730 53540 1 2
16600 25760 35860 26320 1 2
16600 25760 35860 26320 2 2
16580 25760 35880 26320 0 2
16580 25760 35880 26320 1 2
16600 47600 35860 48160 1 2
16600 47600 35860 48160 2 2
16580 47600 35880 48160 0 2
16580 47600 35880 48160 1 2
27270 27100 27770 35060 0 2
27270 27100 27770 35060 1 2
27270 38860 27770 46820 0 2
27270 38860 27770 46820 1 2
33460 14000 38780 14560 1 2
33460 14000 38780 14560 2 2
33440 14000 38800 14560 0 2
33440 14000 38800 14560 1 2
33460 32480 38780 33040 1 2
33460 32480 38780 33040 2 2
33440 32480 38800 33040 0 2
33440 32480 38800 33040 1 2
33460 40880 38780 41440 1 2
33460 40880 38780 41440 2 2
33440 40880 38800 41440 0 2
33440 40880 38800 41440 1 2
33460 59360 38780 59920 1 2
33460 59360 38780 59920 2 2
33440 59360 38800 59920 0 2
33440 59360 38800 59920 1 2
33480 14000 35320 14560 1 2
33480 14000 35320 14560 2 2
33460 14000 35340 14560 0 2
33460 14000 35340 14560 1 2
33480 32480 35320 33040 1 2
33480 32480 35320 33040 2 2
33460 32480 35340 33040 0 2
33460 32480 35340 33040 1 2
33480 40880 35320 41440 1 2
33480 40880 35320 41440 2 2
33460 40880 35340 41440 0 2
33460 40880 35340 41440 1 2
33480 59360 35320 59920 1 2
33480 59360 35320 59920 2 2
33460 59360 35340 59920 0 2
33460 59360 35340 59920 1 2
34120 13310 34680 15250 2 2
34120 13310 34680 15250 3 2
34120 13360 34680 15200 1 2
34120 13360 34680 15200 2 2
34120 13630 34680 33410 2 2
34120 13630 34680 33410 3 2
34120 13680 34680 33360 1 2
34120 13680 34680 33360 2 2
34120 31790 34680 33730 2 2
34120 31790 34680 33730 3 2
34120 31840 34680 33680 1 2
34120 31840 34680 33680 2 2
34120 40190 34680 42130 2 2
34120 40190 34680 42130 3 2
34120 40240 34680 42080 1 2
34120 40240 34680 42080 2 2
34120 40510 34680 60290 2 2
34120 40510 34680 60290 3 2
34120 40560 34680 60240 1 2
34120 40560 34680 60240 2 2
34120 58670 34680 60610 2 2
34120 58670 34680 60610 3 2
34120 58720 34680 60560 1 2
34120 58720 34680 60560 2 2
34150 8620 34650 16580 0 2
34150 8620 34650 16580 1 2
34150 27100 34650 35060 0 2
34150 27100 34650 35060 1 2
34150 38860 34650 46820 0 2
34150 38860 34650 46820 1 2
34150 57340 34650 65300 0 2
34150 57340 34650 65300 1 2
34320 3080 37920 3640 1 2
34320 3080 37920 3640 2 2
34300 3080 37940 3640 0 2
34300 3080 37940 3640 1 2
34320 7280 37920 7840 1 2
34320 7280 37920 7840 2 2
34300 7280 37940 7840 0 2
34300 7280 37940 7840 1 2
34320 14840 37920 15400 1 2
34320 14840 37920 15400 2 2
34300 14840 37940 15400 0 2
34300 14840 37940 15400 1 2
34320 21560 37920 22120 1 2
34320 21560 37920 22120 2 2
34300 21560 37940 22120 0 2
34300 21560 37940 22120 1 2
34320 24920 37920 25480 1 2
34320 24920 37920 25480 2 2
34300 24920 37940 25480 0 2
34300 24920 37940 25480 1 2
34320 48440 37920 49000 1 2
34320 48440 37920 49000 2 2
34300 48440 37940 49000 0 2
34300 48440 37940 49000 1 2
34320 51800 37920 52360 1 2
34320 51800 37920 52360 2 2
34300 51800 37940 52360 0 2
34300 51800 37940 52360 1 2
34320 58520 37920 59080 1 2
34320 58520 37920 59080 2 2
34300 58520 37940 59080 0 2
34300 58520 37940 59080 1 2
34320 66080 37920 66640 1 2
34320 66080 37920 66640 2 2
34300 66080 37940 66640 0 2
34300 66080 37940 66640 1 2
34320 70280 37920 70840 1 2
34320 70280 37920 70840 2 2
34300 70280 37940 70840 0 2
34300 70280 37940 70840 1 2
34340 3080 36180 3640 1 2
34340 3080 36180 3640 2 2
34320 3080 36200 3640 0 2
34320 3080 36200 3640 1 2
34340 21560 36180 22120 1 2
34340 21560 36180 22120 2 2
34320 21560 36200 22120 0 2
34320 21560 36200 22120 1 2
34340 24920 36180 25480 1 2
34340 24920 36180 25480 2 2
34320 24920 36200 25480 0 2
34320 24920 36200 25480 1 2
34340 25760 36180 26320 1 2
34340 25760 36180 26320 2 2
34320 25760 36200 26320 0 2
34320 25760 36200 26320 1 2
34340 47600 36180 48160 1 2
34340 47600 36180 48160 2 2
34320 47600 36200 48160 0 2
34320 47600 36200 48160 1 2
34340 48440 36180 49000 1 2
34340 48440 36180 49000 2 2
34320 48440 36200 49000 0 2
34320 48440 36200 49000 1 2
34340 51800 36180 52360 1 2
34340 51800 36180 52360 2 2
34320 51800 36200 52360 0 2
34320 51800 36200 52360 1 2
34340 70280 36180 70840 1 2
34340 70280 36180 70840 2 2
34320 70280 36200 70840 0 2
34320 70280 36200 70840 1 2
34980 2390 35540 4330 2 2
34980 2390 35540 4330 3 2
34980 2440 35540 4280 1 2
34980 2440 35540 4280 2 2
34980 2710 35540 22490 2 2
34980 2710 35540 22490 3 2
34980 2760 35540 22440 1 2
34980 2760 35540 22440 2 2
34980 20870 35540 22810 2 2
34980 20870 35540 22810 3 2
34980 20920 35540 22760 1 2
34980 20920 35540 22760 2 2
34980 24230 35540 26170 2 2
34980 24230 35540 26170 3 2
34980 24280 35540 26120 1 2
34980 24280 35540 26120 2 2
34980 24550 35540 26690 2 2
34980 24550 35540 26690 3 2
34980 24600 35540 26640 1 2
34980 24600 35540 26640 2 2
34980 25070 35540 27010 2 2
34980 25070 35540 27010 3 2
34980 25120 35540 26960 1 2
34980 25120 35540 26960 2 2
34980 46910 35540 48850 2 2
34980 46910 35540 48850 3 2
34980 46960 35540 48800 1 2
34980 46960 35540 48800 2 2
34980 47230 35540 49370 2 2
34980 47230 35540 49370 3 2
34980 47280 35540 49320 1 2
34980 47280 35540 49320 2 2
34980 47750 35540 49690 2 2
34980 47750 35540 49690 3 2
34980 47800 35540 49640 1 2
34980 47800 35540 49640 2 2
34980 51110 35540 53050 2 2
34980 51110 35540 53050 3 2
34980 51160 35540 53000 1 2
34980 51160 35540 53000 2 2
34980 51430 35540 71210 2 2
34980 51430 35540 71210 3 2
34980 51480 35540 71160 1 2
34980 51480 35540 71160 2 2
34980 69590 35540 71530 2 2
34980 69590 35540 71530 3 2
34980 69640 35540 71480 1 2
34980 69640 35540 71480 2 2
35010 1900 35510 4820 0 2
35010 1900 35510 4820 1 2
35010 6100 35510 9020 0 2
35010 6100 35510 9020 1 2
35010 8620 35510 16580 0 2
35010 8620 35510 16580 1 2
35010 20380 35510 23300 0 2
35010 20380 35510 23300 1 2
35010 24580 35510 27500 0 2
35010 24580 35510 27500 1 2
35010 27100 35510 35060 0 2
35010 27100 35510 35060 1 2
35010 38860 35510 46820 0 2
35010 38860 35510 46820 1 2
35010 46420 35510 49340 0 2
35010 46420 35510 49340 1 2
35010 50620 35510 53540 0 2
35010 50620 35510 53540 1 2
35010 57340 35510 65300 0 2
35010 57340 35510 65300 1 2
35010 64900 35510 67820 0 2
35010 64900 35510 67820 1 2
35010 69100 35510 72020 0 2
35010 69100 35510 72020 1 2
35180 6440 38780 7000 1 2
35180 6440 38780 7000 2 2
35160 6440 38800 7000 0 2
35160 6440 38800 7000 1 2
35180 66920 38780 67480 1 2
35180 66920 38780 67480 2 2
35160 66920 38800 67480 0 2
35160 66920 38800 67480 1 2
35200 24920 37040 25480 1 2
35200 24920 37040 25480 2 2
35180 24920 37060 25480 0 2
35180 24920 37060 25480 1 2
35200 48440 37040 49000 1 2
35200 48440 37040 49000 2 2
35180 48440 37060 49000 0 2
35180 48440 37060 49000 1 2
35840 5750 36400 16090 2 2
35840 5750 36400 16090 3 2
35840 5800 36400 16040 1 2
35840 5800 36400 16040 2 2
35840 14470 36400 25850 2 2
35840 14470 36400 25850 3 2
35840 14520 36400 25800 1 2
35840 14520 36400 25800 2 2
35840 24230 36400 26170 2 2
35840 24230 36400 26170 3 2
35840 24280 36400 26120 1 2
35840 24280 36400 26120 2 2
35840 47750 36400 49690 2 2
35840 47750 36400 49690 3 2
35840 47800 36400 49640 1 2
35840 47800 36400 49640 2 2
35840 48070 36400 59450 2 2
35840 48070 36400 59450 3 2
35840 48120 36400 59400 1 2
35840 48120 36400 59400 2 2
35840 57830 36400 68170 2 2
35840 57830 36400 68170 3 2
35840 57880 36400 68120 1 2
35840 57880 36400 68120 2 2
35870 8620 36370 16580 0 2
35870 8620 36370 16580 1 2
35870 27100 36370 35060 0 2
35870 27100 36370 35060 1 2
35870 38860 36370 46820 0 2
35870 38860 36370 46820 1 2
35870 57340 36370 65300 0 2
35870 57340 36370 65300 1 2
36040 15680 39640 16240 1 2
36040 15680 39640 16240 2 2
36020 15680 39660 16240 0 2
36020 15680 39660 16240 1 2
36040 25760 39640 26320 1 2
36040 25760 39640 26320 2 2
36020 25760 39660 26320 0 2
36020 25760 39660 26320 1 2
36040 34160 39640 34720 1 2
36040 34160 39640 34720 2 2
36020 34160 39660 34720 0 2
36020 34160 39660 34720 1 2
36040 39200 39640 39760 1 2
36040 39200 39640 39760 2 2
36020 39200 39660 39760 0 2
36020 39200 39660 39760 1 2
36040 47600 39640 48160 1 2
36040 47600 39640 48160 2 2
36020 47600 39660 48160 0 2
36020 47600 39660 48160 1 2
36040 57680 39640 58240 1 2
36040 57680 39640 58240 2 2
36020 57680 39660 58240 0 2
36020 57680 39660 58240 1 2
36060 25760 37900 26320 1 2
36060 25760 37900 26320 2 2
36040 25760 37920 26320 0 2
36040 25760 37920 26320 1 2
36060 47600 37900 48160 1 2
36060 47600 37900 48160 2 2
36040 47600 37920 48160 0 2
36040 47600 37920 48160 1 2
36700 6590 37260 16930 2 2
36700 6590 37260 16930 3 2
36700 6640 37260 16880 1 2
36700 6640 37260 16880 2 2
36700 15310 37260 26690 2 2
36700 15310 37260 26690 3 2
36700 15360 37260 26640 1 2
36700 15360 37260 26640 2 2
36700 25070 37260 27010 2 2
36700 25070 37260 27010 3 2
36700 25120 37260 26960 1 2
36700 25120 37260 26960 2 2
36700 46910 37260 48850 2 2
36700 46910 37260 48850 3 2
36700 46960 37260 48800 1 2
36700 46960 37260 48800 2 2
36700 47230 37260 58610 2 2
36700 47230 37260 58610 3 2
36700 47280 37260 58560 1 2
36700 47280 37260 58560 2 2
36700 56990 37260 67330 2 2
36700 56990 37260 67330 3 2
36700 57040 37260 67280 1 2
36700 57040 37260 67280 2 2
36730 1900 37230 4820 0 2
36730 1900 37230 4820 1 2
36730 6100 37230 9020 0 2
36730 6100 37230 9020 1 2
36730 8620 37230 16580 0 2
36730 8620 37230 16580 1 2
36730 20380 37230 23300 0 2
36730 20380 37230 23300 1 2
36730 24580 37230 27500 0 2
36730 24580 37230 27500 1 2
36730 27100 37230 35060 0 2
36730 27100 37230 35060 1 2
36730 38860 37230 46820 0 2
36730 38860 37230 46820 1 2
36730 46420 37230 49340 0 2
36730 46420 37230 49340 1 2
36730 50620 37230 53540 0 2
36730 50620 37230 53540 1 2
36730 57340 37230 65300 0 2
36730 57340 37230 65300 1 2
36730 64900 37230 67820 0 2
36730 64900 37230 67820 1 2
36730 69100 37230 72020 0 2
36730 69100 37230 72020 1 2
36920 34160 38760 34720 1 2
36920 34160 38760 34720 2 2
36900 34160 38780 34720 0 2
36900 34160 38780 34720 1 2
36920 39200 38760 39760 1 2
36920 39200 38760 39760 2 2
36900 39200 38780 39760 0 2
36900 39200 38780 39760 1 2
37560 33470 38120 35410 2 2
37560 33470 38120 35410 3 2
37560 33520 38120 35360 1 2
37560 33520 38120 35360 2 2
37560 33790 38120 40130 2 2
37560 33790 38120 40130 3 2
37560 33840 38120 40080 1 2
37560 33840 38120 40080 2 2
37560 38510 38120 40450 2 2
37560 38510 38120 40450 3 2
37560 38560 38120 40400 1 2
37560 38560 38120 40400 2 2
37590 8620 38090 16580 0 2
37590 8620 38090 16580 1 2
37590 27100 38090 35060 0 2
37590 27100 38090 35060 1 2
37590 38860 38090 46820 0 2
37590 38860 38090 46820 1 2
37590 57340 38090 65300 0 2
37590 57340 38090 65300 1 2
38100 25760 55640 26320 1 2
38100 25760 55640 26320 2 2
38080 25760 55660 26320 0 2
38080 25760 55660 26320 1 2
38100 47600 55640 48160 1 2
38100 47600 55640 48160 2 2
38080 47600 55660 48160 0 2
38080 47600 55660 48160 1 2
43780 33320 69740 33880 1 2
43780 33320 69740 33880 2 2
43760 33320 69760 33880 0 2
43760 33320 69760 33880 1 2
43780 40040 69740 40600 1 2
43780 40040 69740 40600 2 2
43760 40040 69760 40600 0 2
43760 40040 69760 40600 1 2
44470 27100 44970 35060 0 2
44470 27100 44970 35060 1 2
44470 38860 44970 46820 0 2
44470 38860 44970 46820 1 2
54100 25760 57700 26320 1 2
54100 25760 57700 26320 2 2
54080 25760 57720 26320 0 2
54080 25760 57720 26320 1 2
54100 47600 57700 48160 1 2
54100 47600 57700 48160 2 2
54080 47600 57720 48160 0 2
54080 47600 57720 48160 1 2
54960 21560 58560 22120 1 2
54960 21560 58560 22120 2 2
54940 21560 58580 22120 0 2
54940 21560 58580 22120 1 2
54960 34160 58560 34720 1 2
54960 34160 58560 34720 2 2
54940 34160 58580 34720 0 2
54940 34160 58580 34720 1 2
54960 39200 58560 39760 1 2
54960 39200 58560 39760 2 2
54940 39200 58580 39760 0 2
54940 39200 58580 39760 1 2
54960 51800 58560 52360 1 2
54960 51800 58560 52360 2 2
54940 51800 58580 52360 0 2
54940 51800 58580 52360 1 2
56510 20380 57010 23300 0 2
56510 20380 57010 23300 1 2
56510 24580 57010 27500 0 2
56510 24580 57010 27500 1 2
56510 27100 57010 35060 0 2
56510 27100 57010 35060 1 2
56510 38860 57010 46820 0 2
56510 38860 57010 46820 1 2
56510 46420 57010 49340 0 2
56510 46420 57010 49340 1 2
56510 50620 57010 53540 0 2
56510 50620 57010 53540 1 2
57340 20870 57900 35410 2 2
57340 20870 57900 35410 3 2
57340 20920 57900 35360 1 2
57340 20920 57900 35360 2 2
57340 38510 57900 53050 2 2
57340 38510 57900 53050 3 2
57340 38560 57900 53000 1 2
57340 38560 57900 53000 2 2
68550 27100 69050 35060 0 2
68550 27100 69050 35060 1 2
68550 38860 69050 46820 0 2
68550 38860 69050 46820 1 2
