62920 30360 64360 31800 0 2
74960 31200 76400 32640 0 2
74960 38760 76400 40200 0 2
74960 42960 76400 44400 0 2
87000 30360 88440 31800 0 2
90440 32040 91880 33480 0 2
90440 47160 91880 48600 0 2
91300 30360 92740 31800 0 2
91300 38760 92740 40200 0 2
91300 42960 92740 44400 0 2
91300 45480 92740 46920 0 2
91300 54720 92740 56160 0 2
91300 58080 92740 59520 0 2
92160 32040 93600 33480 0 2
92160 47160 93600 48600 0 2
93020 31200 94460 32640 0 2
93020 39600 94460 41040 0 2
93020 42960 94460 44400 0 2
93020 46320 94460 47760 0 2
93020 53880 94460 55320 0 2
93020 58080 94460 59520 0 2
93880 32040 95320 33480 0 2
93880 47160 95320 48600 0 2
97320 30360 98760 31800 0 2
109360 31200 110800 32640 0 2
109360 38760 110800 40200 0 2
109360 42960 110800 44400 0 2
121400 30360 122840 31800 0 2
74180 30440 75460 31720 1 2
74180 31280 75460 32560 1 2
74180 43040 75460 44320 1 2
91380 38840 92660 40120 1 2
91380 45560 92660 46840 1 2
91380 53960 92660 55240 1 2
92240 39680 93520 40960 1 2
92240 46400 93520 47680 1 2
92240 54800 93520 56080 1 2
93100 38840 94380 40120 1 2
93100 39680 94380 40960 1 2
93100 43040 94380 44320 1 2
93100 58160 94380 59440 1 2
110300 30440 111580 31720 1 2
110300 31280 111580 32560 1 2
110300 43040 111580 44320 1 2
