25550 22060 26050 30020 0 2
25550 22060 26050 30020 1 2
25550 30460 26050 38420 0 2
25550 30460 26050 38420 1 2
28300 12320 33620 12880 1 2
28300 12320 33620 12880 2 2
28280 12320 33640 12880 0 2
28280 12320 33640 12880 1 2
28300 27440 33620 28000 1 2
28300 27440 33620 28000 2 2
28280 27440 33640 28000 0 2
28280 27440 33640 28000 1 2
28300 32480 33620 33040 1 2
28300 32480 33620 33040 2 2
28280 32480 33640 33040 0 2
28280 32480 33640 33040 1 2
28320 12320 30160 12880 1 2
28320 12320 30160 12880 2 2
28300 12320 30180 12880 0 2
28300 12320 30180 12880 1 2
28320 27440 30160 28000 1 2
28320 27440 30160 28000 2 2
28300 27440 30180 28000 0 2
28300 27440 30180 28000 1 2
28320 32480 30160 33040 1 2
28320 32480 30160 33040 2 2
28300 32480 30180 33040 0 2
28300 32480 30180 33040 1 2
28960 11630 29520 13570 2 2
28960 11630 29520 13570 3 2
28960 11680 29520 13520 1 2
28960 11680 29520 13520 2 2
28960 11950 29520 28370 2 2
28960 11950 29520 28370 3 2
28960 12000 29520 28320 1 2
28960 12000 29520 28320 2 2
28960 26750 29520 28690 2 2
28960 26750 29520 28690 3 2
28960 26800 29520 28640 1 2
28960 26800 29520 28640 2 2
28960 31790 29520 33730 2 2
28960 31790 29520 33730 3 2
28960 31840 29520 33680 1 2
28960 31840 29520 33680 2 2
28960 32110 29520 48530 2 2
28960 32110 29520 48530 3 2
28960 32160 29520 48480 1 2
28960 32160 29520 48480 2 2
28990 6940 29490 14900 0 2
28990 6940 29490 14900 1 2
28990 22060 29490 30020 0 2
28990 22060 29490 30020 1 2
28990 30460 29490 38420 0 2
28990 30460 29490 38420 1 2
29160 5600 32760 6160 1 2
29160 5600 32760 6160 2 2
29140 5600 32780 6160 0 2
29140 5600 32780 6160 1 2
29160 13160 32760 13720 1 2
29160 13160 32760 13720 2 2
29140 13160 32780 13720 0 2
29140 13160 32780 13720 1 2
29160 19880 32760 20440 1 2
29160 19880 32760 20440 2 2
29140 19880 32780 20440 0 2
29140 19880 32780 20440 1 2
29160 28280 32760 28840 1 2
29160 28280 32760 28840 2 2
29140 28280 32780 28840 0 2
29140 28280 32780 28840 1 2
29160 31640 32760 32200 1 2
29160 31640 32760 32200 2 2
29140 31640 32780 32200 0 2
29140 31640 32780 32200 1 2
29180 19880 31020 20440 1 2
29180 19880 31020 20440 2 2
29160 19880 31040 20440 0 2
29160 19880 31040 20440 1 2
29180 20720 31020 21280 1 2
29180 20720 31020 21280 2 2
29160 20720 31040 21280 0 2
29160 20720 31040 21280 1 2
29820 19190 30380 21130 2 2
29820 19190 30380 21130 3 2
29820 19240 30380 21080 1 2
29820 19240 30380 21080 2 2
29820 19510 30380 21650 2 2
29820 19510 30380 21650 3 2
29820 19560 30380 21600 1 2
29820 19560 30380 21600 2 2
29820 20030 30380 21970 2 2
29820 20030 30380 21970 3 2
29820 20080 30380 21920 1 2
29820 20080 30380 21920 2 2
29850 220 30350 3140 0 2
29850 220 30350 3140 1 2
29850 4420 30350 7340 0 2
29850 4420 30350 7340 1 2
29850 6940 30350 14900 0 2
29850 6940 30350 14900 1 2
29850 15340 30350 18260 0 2
29850 15340 30350 18260 1 2
29850 19540 30350 22460 0 2
29850 19540 30350 22460 1 2
29850 22060 30350 30020 0 2
29850 22060 30350 30020 1 2
29850 30460 30350 38420 0 2
29850 30460 30350 38420 1 2
30020 4760 33620 5320 1 2
30020 4760 33620 5320 2 2
30000 4760 33640 5320 0 2
30000 4760 33640 5320 1 2
30040 19880 31880 20440 1 2
30040 19880 31880 20440 2 2
30020 19880 31900 20440 0 2
30020 19880 31900 20440 1 2
30040 28280 31880 28840 1 2
30040 28280 31880 28840 2 2
30020 28280 31900 28840 0 2
30020 28280 31900 28840 1 2
30040 31640 31880 32200 1 2
30040 31640 31880 32200 2 2
30020 31640 31900 32200 0 2
30020 31640 31900 32200 1 2
30680 4070 31240 14410 2 2
30680 4070 31240 14410 3 2
30680 4120 31240 14360 1 2
30680 4120 31240 14360 2 2
30680 12790 31240 20810 2 2
30680 12790 31240 20810 3 2
30680 12840 31240 20760 1 2
30680 12840 31240 20760 2 2
30680 19190 31240 21130 2 2
30680 19190 31240 21130 3 2
30680 19240 31240 21080 1 2
30680 19240 31240 21080 2 2
30680 27590 31240 29530 2 2
30680 27590 31240 29530 3 2
30680 27640 31240 29480 1 2
30680 27640 31240 29480 2 2
30680 27910 31240 32570 2 2
30680 27910 31240 32570 3 2
30680 27960 31240 32520 1 2
30680 27960 31240 32520 2 2
30680 30950 31240 32890 2 2
30680 30950 31240 32890 3 2
30680 31000 31240 32840 1 2
30680 31000 31240 32840 2 2
30710 6940 31210 14900 0 2
30710 6940 31210 14900 1 2
30710 22060 31210 30020 0 2
30710 22060 31210 30020 1 2
30710 30460 31210 38420 0 2
30710 30460 31210 38420 1 2
30880 14000 34480 14560 1 2
30880 14000 34480 14560 2 2
30860 14000 34500 14560 0 2
30860 14000 34500 14560 1 2
30880 20720 34480 21280 1 2
30880 20720 34480 21280 2 2
30860 20720 34500 21280 0 2
30860 20720 34500 21280 1 2
30880 29120 34480 29680 1 2
30880 29120 34480 29680 2 2
30860 29120 34500 29680 0 2
30860 29120 34500 29680 1 2
30880 30800 34480 31360 1 2
30880 30800 34480 31360 2 2
30860 30800 34500 31360 0 2
30860 30800 34500 31360 1 2
30900 20720 32740 21280 1 2
30900 20720 32740 21280 2 2
30880 20720 32760 21280 0 2
30880 20720 32760 21280 1 2
31540 4910 32100 15250 2 2
31540 4910 32100 15250 3 2
31540 4960 32100 15200 1 2
31540 4960 32100 15200 2 2
31540 13630 32100 21650 2 2
31540 13630 32100 21650 3 2
31540 13680 32100 21600 1 2
31540 13680 32100 21600 2 2
31540 20030 32100 21970 2 2
31540 20030 32100 21970 3 2
31540 20080 32100 21920 1 2
31540 20080 32100 21920 2 2
31570 220 32070 3140 0 2
31570 220 32070 3140 1 2
31570 4420 32070 7340 0 2
31570 4420 32070 7340 1 2
31570 6940 32070 14900 0 2
31570 6940 32070 14900 1 2
31570 15340 32070 18260 0 2
31570 15340 32070 18260 1 2
31570 19540 32070 22460 0 2
31570 19540 32070 22460 1 2
31570 22060 32070 30020 0 2
31570 22060 32070 30020 1 2
31570 30460 32070 38420 0 2
31570 30460 32070 38420 1 2
31760 29120 33600 29680 1 2
31760 29120 33600 29680 2 2
31740 29120 33620 29680 0 2
31740 29120 33620 29680 1 2
31760 30800 33600 31360 1 2
31760 30800 33600 31360 2 2
31740 30800 33620 31360 0 2
31740 30800 33620 31360 1 2
32400 28430 32960 30370 2 2
32400 28430 32960 30370 3 2
32400 28480 32960 30320 1 2
32400 28480 32960 30320 2 2
32400 28750 32960 31730 2 2
32400 28750 32960 31730 3 2
32400 28800 32960 31680 1 2
32400 28800 32960 31680 2 2
32400 30110 32960 32050 2 2
32400 30110 32960 32050 3 2
32400 30160 32960 32000 1 2
32400 30160 32960 32000 2 2
32430 6940 32930 14900 0 2
32430 6940 32930 14900 1 2
32430 22060 32930 30020 0 2
32430 22060 32930 30020 1 2
32430 30460 32930 38420 0 2
32430 30460 32930 38420 1 2
32080 32480 35000 33040 1 2
32080 32480 35000 33040 2 2
32060 32480 35020 33040 0 2
32060 32480 35020 33040 1 2
32940 20720 47040 21280 1 2
32940 20720 47040 21280 2 2
32920 20720 47060 21280 0 2
32920 20720 47060 21280 1 2
33460 27440 35340 28000 1 2
33460 27440 35340 28000 2 2
33440 27440 35360 28000 0 2
33440 27440 35360 28000 1 2
33460 32480 35340 33040 1 2
33460 32480 35340 33040 2 2
33440 32480 35360 33040 0 2
33440 32480 35360 33040 1 2
34150 27100 34650 28340 0 2
34150 27100 34650 28340 1 2
34150 27270 34650 33210 0 2
34150 27270 34650 33210 1 2
34150 32140 34650 33380 0 2
34150 32140 34650 33380 1 2
33800 27440 91760 28000 1 2
33800 27440 91760 28000 2 2
33780 27440 91780 28000 0 2
33780 27440 91780 28000 1 2
35180 29120 61140 29680 1 2
35180 29120 61140 29680 2 2
35160 29120 61160 29680 0 2
35160 29120 61160 29680 1 2
35180 30800 61140 31360 1 2
35180 30800 61140 31360 2 2
35160 30800 61160 31360 0 2
35160 30800 61160 31360 1 2
35870 22060 36370 30020 0 2
35870 22060 36370 30020 1 2
35870 30460 36370 38420 0 2
35870 30460 36370 38420 1 2
45500 20720 49100 21280 1 2
45500 20720 49100 21280 2 2
45480 20720 49120 21280 0 2
45480 20720 49120 21280 1 2
46360 16520 49960 17080 1 2
46360 16520 49960 17080 2 2
46340 16520 49980 17080 0 2
46340 16520 49980 17080 1 2
46360 28280 49960 28840 1 2
46360 28280 49960 28840 2 2
46340 28280 49980 28840 0 2
46340 28280 49980 28840 1 2
46360 31640 49960 32200 1 2
46360 31640 49960 32200 2 2
46340 31640 49980 32200 0 2
46340 31640 49980 32200 1 2
47910 15340 48410 18260 0 2
47910 15340 48410 18260 1 2
47910 19540 48410 22460 0 2
47910 19540 48410 22460 1 2
47910 22060 48410 30020 0 2
47910 22060 48410 30020 1 2
47910 30460 48410 38420 0 2
47910 30460 48410 38420 1 2
48100 15680 49940 16240 1 2
48100 15680 49940 16240 2 2
48080 15680 49960 16240 0 2
48080 15680 49960 16240 1 2
48740 14990 49300 16930 2 2
48740 14990 49300 16930 3 2
48740 15040 49300 16880 1 2
48740 15040 49300 16880 2 2
48740 15310 49300 17450 2 2
48740 15310 49300 17450 3 2
48740 15360 49300 17400 1 2
48740 15360 49300 17400 2 2
48740 15830 49300 30370 2 2
48740 15830 49300 30370 3 2
48740 15880 49300 30320 1 2
48740 15880 49300 30320 2 2
48740 30110 49300 44650 2 2
48740 30110 49300 44650 3 2
48740 30160 49300 44600 1 2
48740 30160 49300 44600 2 2
48420 15680 75420 16240 1 2
48420 15680 75420 16240 2 2
48400 15680 75440 16240 0 2
48400 15680 75440 16240 1 2
59950 22060 60450 30020 0 2
59950 22060 60450 30020 1 2
59950 30460 60450 38420 0 2
59950 30460 60450 38420 1 2
62700 29120 88660 29680 1 2
62700 29120 88660 29680 2 2
62680 29120 88680 29680 0 2
62680 29120 88680 29680 1 2
62700 30800 88660 31360 1 2
62700 30800 88660 31360 2 2
62680 30800 88680 31360 0 2
62680 30800 88680 31360 1 2
63390 22060 63890 30020 0 2
63390 22060 63890 30020 1 2
63390 30460 63890 38420 0 2
63390 30460 63890 38420 1 2
73880 16520 77480 17080 1 2
73880 16520 77480 17080 2 2
73860 16520 77500 17080 0 2
73860 16520 77500 17080 1 2
73880 28280 77480 28840 1 2
73880 28280 77480 28840 2 2
73860 28280 77500 28840 0 2
73860 28280 77500 28840 1 2
73880 31640 77480 32200 1 2
73880 31640 77480 32200 2 2
73860 31640 77500 32200 0 2
73860 31640 77500 32200 1 2
73900 15680 75740 16240 1 2
73900 15680 75740 16240 2 2
73880 15680 75760 16240 0 2
73880 15680 75760 16240 1 2
74540 14990 75100 16930 2 2
74540 14990 75100 16930 3 2
74540 15040 75100 16880 1 2
74540 15040 75100 16880 2 2
74540 15310 75100 17450 2 2
74540 15310 75100 17450 3 2
74540 15360 75100 17400 1 2
74540 15360 75100 17400 2 2
74540 15830 75100 30370 2 2
74540 15830 75100 30370 3 2
74540 15880 75100 30320 1 2
74540 15880 75100 30320 2 2
74540 30110 75100 44650 2 2
74540 30110 75100 44650 3 2
74540 30160 75100 44600 1 2
74540 30160 75100 44600 2 2
74740 20720 78340 21280 1 2
74740 20720 78340 21280 2 2
74720 20720 78360 21280 0 2
74720 20720 78360 21280 1 2
75430 15340 75930 18260 0 2
75430 15340 75930 18260 1 2
75430 19540 75930 22460 0 2
75430 19540 75930 22460 1 2
75430 22060 75930 30020 0 2
75430 22060 75930 30020 1 2
75430 30460 75930 38420 0 2
75430 30460 75930 38420 1 2
76800 20720 90900 21280 1 2
76800 20720 90900 21280 2 2
76780 20720 90920 21280 0 2
76780 20720 90920 21280 1 2
87470 22060 87970 30020 0 2
87470 22060 87970 30020 1 2
87470 30460 87970 38420 0 2
87470 30460 87970 38420 1 2
89360 14000 92960 14560 1 2
89360 14000 92960 14560 2 2
89340 14000 92980 14560 0 2
89340 14000 92980 14560 1 2
89360 20720 92960 21280 1 2
89360 20720 92960 21280 2 2
89340 20720 92980 21280 0 2
89340 20720 92980 21280 1 2
89360 29120 92960 29680 1 2
89360 29120 92960 29680 2 2
89340 29120 92980 29680 0 2
89340 29120 92980 29680 1 2
89360 30800 92960 31360 1 2
89360 30800 92960 31360 2 2
89340 30800 92980 31360 0 2
89340 30800 92980 31360 1 2
90220 4760 93820 5320 1 2
90220 4760 93820 5320 2 2
90200 4760 93840 5320 0 2
90200 4760 93840 5320 1 2
90220 12320 95540 12880 1 2
90220 12320 95540 12880 2 2
90200 12320 95560 12880 0 2
90200 12320 95560 12880 1 2
90220 27440 95540 28000 1 2
90220 27440 95540 28000 2 2
90200 27440 95560 28000 0 2
90200 27440 95560 28000 1 2
90220 32480 95540 33040 1 2
90220 32480 95540 33040 2 2
90200 32480 95560 33040 0 2
90200 32480 95560 33040 1 2
90240 12320 92080 12880 1 2
90240 12320 92080 12880 2 2
90220 12320 92100 12880 0 2
90220 12320 92100 12880 1 2
90240 27440 92080 28000 1 2
90240 27440 92080 28000 2 2
90220 27440 92100 28000 0 2
90220 27440 92100 28000 1 2
90240 29120 92080 29680 1 2
90240 29120 92080 29680 2 2
90220 29120 92100 29680 0 2
90220 29120 92100 29680 1 2
90240 30800 92080 31360 1 2
90240 30800 92080 31360 2 2
90220 30800 92100 31360 0 2
90220 30800 92100 31360 1 2
90240 32480 92080 33040 1 2
90240 32480 92080 33040 2 2
90220 32480 92100 33040 0 2
90220 32480 92100 33040 1 2
90880 11630 91440 13570 2 2
90880 11630 91440 13570 3 2
90880 11680 91440 13520 1 2
90880 11680 91440 13520 2 2
90880 11950 91440 28370 2 2
90880 11950 91440 28370 3 2
90880 12000 91440 28320 1 2
90880 12000 91440 28320 2 2
90880 26750 91440 28690 2 2
90880 26750 91440 28690 3 2
90880 26800 91440 28640 1 2
90880 26800 91440 28640 2 2
90880 28430 91440 30370 2 2
90880 28430 91440 30370 3 2
90880 28480 91440 30320 1 2
90880 28480 91440 30320 2 2
90880 28750 91440 31730 2 2
90880 28750 91440 31730 3 2
90880 28800 91440 31680 1 2
90880 28800 91440 31680 2 2
90880 30110 91440 32050 2 2
90880 30110 91440 32050 3 2
90880 30160 91440 32000 1 2
90880 30160 91440 32000 2 2
90880 31790 91440 33730 2 2
90880 31790 91440 33730 3 2
90880 31840 91440 33680 1 2
90880 31840 91440 33680 2 2
90880 32110 91440 48530 2 2
90880 32110 91440 48530 3 2
90880 32160 91440 48480 1 2
90880 32160 91440 48480 2 2
90910 6940 91410 14900 0 2
90910 6940 91410 14900 1 2
90910 22060 91410 30020 0 2
90910 22060 91410 30020 1 2
90910 30460 91410 38420 0 2
90910 30460 91410 38420 1 2
91080 5600 94680 6160 1 2
91080 5600 94680 6160 2 2
91060 5600 94700 6160 0 2
91060 5600 94700 6160 1 2
91080 13160 94680 13720 1 2
91080 13160 94680 13720 2 2
91060 13160 94700 13720 0 2
91060 13160 94700 13720 1 2
91080 19880 94680 20440 1 2
91080 19880 94680 20440 2 2
91060 19880 94700 20440 0 2
91060 19880 94700 20440 1 2
91080 28280 94680 28840 1 2
91080 28280 94680 28840 2 2
91060 28280 94700 28840 0 2
91060 28280 94700 28840 1 2
91080 31640 94680 32200 1 2
91080 31640 94680 32200 2 2
91060 31640 94700 32200 0 2
91060 31640 94700 32200 1 2
91100 20720 92940 21280 1 2
91100 20720 92940 21280 2 2
91080 20720 92960 21280 0 2
91080 20720 92960 21280 1 2
91740 4910 92300 15250 2 2
91740 4910 92300 15250 3 2
91740 4960 92300 15200 1 2
91740 4960 92300 15200 2 2
91740 13630 92300 21650 2 2
91740 13630 92300 21650 3 2
91740 13680 92300 21600 1 2
91740 13680 92300 21600 2 2
91740 20030 92300 21970 2 2
91740 20030 92300 21970 3 2
91740 20080 92300 21920 1 2
91740 20080 92300 21920 2 2
91770 220 92270 3140 0 2
91770 220 92270 3140 1 2
91770 4420 92270 7340 0 2
91770 4420 92270 7340 1 2
91770 6940 92270 14900 0 2
91770 6940 92270 14900 1 2
91770 15340 92270 18260 0 2
91770 15340 92270 18260 1 2
91770 19540 92270 22460 0 2
91770 19540 92270 22460 1 2
91770 22060 92270 30020 0 2
91770 22060 92270 30020 1 2
91770 30460 92270 38420 0 2
91770 30460 92270 38420 1 2
91960 19880 93800 20440 1 2
91960 19880 93800 20440 2 2
91940 19880 93820 20440 0 2
91940 19880 93820 20440 1 2
91960 28280 93800 28840 1 2
91960 28280 93800 28840 2 2
91940 28280 93820 28840 0 2
91940 28280 93820 28840 1 2
91960 31640 93800 32200 1 2
91960 31640 93800 32200 2 2
91940 31640 93820 32200 0 2
91940 31640 93820 32200 1 2
92600 4070 93160 14410 2 2
92600 4070 93160 14410 3 2
92600 4120 93160 14360 1 2
92600 4120 93160 14360 2 2
92600 12790 93160 20810 2 2
92600 12790 93160 20810 3 2
92600 12840 93160 20760 1 2
92600 12840 93160 20760 2 2
92600 19190 93160 21130 2 2
92600 19190 93160 21130 3 2
92600 19240 93160 21080 1 2
92600 19240 93160 21080 2 2
92600 27590 93160 29530 2 2
92600 27590 93160 29530 3 2
92600 27640 93160 29480 1 2
92600 27640 93160 29480 2 2
92600 27910 93160 32570 2 2
92600 27910 93160 32570 3 2
92600 27960 93160 32520 1 2
92600 27960 93160 32520 2 2
92600 30950 93160 32890 2 2
92600 30950 93160 32890 3 2
92600 31000 93160 32840 1 2
92600 31000 93160 32840 2 2
92630 6940 93130 14900 0 2
92630 6940 93130 14900 1 2
92630 22060 93130 30020 0 2
92630 22060 93130 30020 1 2
92630 30460 93130 38420 0 2
92630 30460 93130 38420 1 2
92820 19880 94660 20440 1 2
92820 19880 94660 20440 2 2
92800 19880 94680 20440 0 2
92800 19880 94680 20440 1 2
92820 20720 94660 21280 1 2
92820 20720 94660 21280 2 2
92800 20720 94680 21280 0 2
92800 20720 94680 21280 1 2
93460 19190 94020 21130 2 2
93460 19190 94020 21130 3 2
93460 19240 94020 21080 1 2
93460 19240 94020 21080 2 2
93460 19510 94020 21650 2 2
93460 19510 94020 21650 3 2
93460 19560 94020 21600 1 2
93460 19560 94020 21600 2 2
93460 20030 94020 21970 2 2
93460 20030 94020 21970 3 2
93460 20080 94020 21920 1 2
93460 20080 94020 21920 2 2
93490 220 93990 3140 0 2
93490 220 93990 3140 1 2
93490 4420 93990 7340 0 2
93490 4420 93990 7340 1 2
93490 6940 93990 14900 0 2
93490 6940 93990 14900 1 2
93490 15340 93990 18260 0 2
93490 15340 93990 18260 1 2
93490 19540 93990 22460 0 2
93490 19540 93990 22460 1 2
93490 22060 93990 30020 0 2
93490 22060 93990 30020 1 2
93490 30460 93990 38420 0 2
93490 30460 93990 38420 1 2
93140 20720 108960 21280 1 2
93140 20720 108960 21280 2 2
93120 20720 108980 21280 0 2
93120 20720 108980 21280 1 2
94350 6940 94850 14900 0 2
94350 6940 94850 14900 1 2
94350 22060 94850 30020 0 2
94350 22060 94850 30020 1 2
94350 30460 94850 38420 0 2
94350 30460 94850 38420 1 2
97100 29120 123060 29680 1 2
97100 29120 123060 29680 2 2
97080 29120 123080 29680 0 2
97080 29120 123080 29680 1 2
97100 30800 123060 31360 1 2
97100 30800 123060 31360 2 2
97080 30800 123080 31360 0 2
97080 30800 123080 31360 1 2
97790 22060 98290 30020 0 2
97790 22060 98290 30020 1 2
97790 30460 98290 38420 0 2
97790 30460 98290 38420 1 2
