62700 30800 88660 31360 1 2
62700 30800 88660 31360 2 2
62680 30800 88680 31360 0 2
62680 30800 88680 31360 1 2
63390 30460 63890 38420 0 2
63390 30460 63890 38420 1 2
73880 31640 77480 32200 1 2
73880 31640 77480 32200 2 2
73860 31640 77500 32200 0 2
73860 31640 77500 32200 1 2
73880 43400 77480 43960 1 2
73880 43400 77480 43960 2 2
73860 43400 77500 43960 0 2
73860 43400 77500 43960 1 2
74540 30110 75100 44650 2 2
74540 30110 75100 44650 3 2
74540 30160 75100 44600 1 2
74540 30160 75100 44600 2 2
74740 39200 78340 39760 1 2
74740 39200 78340 39760 2 2
74720 39200 78360 39760 0 2
74720 39200 78360 39760 1 2
75430 30460 75930 38420 0 2
75430 30460 75930 38420 1 2
75430 38020 75930 40940 0 2
75430 38020 75930 40940 1 2
75430 42220 75930 45140 0 2
75430 42220 75930 45140 1 2
76800 39200 90900 39760 1 2
76800 39200 90900 39760 2 2
76780 39200 90920 39760 0 2
76780 39200 90920 39760 1 2
87470 30460 87970 38420 0 2
87470 30460 87970 38420 1 2
89360 30800 92960 31360 1 2
89360 30800 92960 31360 2 2
89340 30800 92980 31360 0 2
89340 30800 92980 31360 1 2
89360 39200 92960 39760 1 2
89360 39200 92960 39760 2 2
89340 39200 92980 39760 0 2
89340 39200 92980 39760 1 2
89360 45920 92960 46480 1 2
89360 45920 92960 46480 2 2
89340 45920 92980 46480 0 2
89340 45920 92980 46480 1 2
90220 55160 93820 55720 1 2
90220 55160 93820 55720 2 2
90200 55160 93840 55720 0 2
90200 55160 93840 55720 1 2
90910 30460 91410 38420 0 2
90910 30460 91410 38420 1 2
90910 45580 91410 53540 0 2
90910 45580 91410 53540 1 2
91080 31640 94680 32200 1 2
91080 31640 94680 32200 2 2
91060 31640 94700 32200 0 2
91060 31640 94700 32200 1 2
91080 40040 94680 40600 1 2
91080 40040 94680 40600 2 2
91060 40040 94700 40600 0 2
91060 40040 94700 40600 1 2
91080 43400 94680 43960 1 2
91080 43400 94680 43960 2 2
91060 43400 94700 43960 0 2
91060 43400 94700 43960 1 2
91080 46760 94680 47320 1 2
91080 46760 94680 47320 2 2
91060 46760 94700 47320 0 2
91060 46760 94700 47320 1 2
91080 54320 94680 54880 1 2
91080 54320 94680 54880 2 2
91060 54320 94700 54880 0 2
91060 54320 94700 54880 1 2
91080 58520 94680 59080 1 2
91080 58520 94680 59080 2 2
91060 58520 94700 59080 0 2
91060 58520 94700 59080 1 2
91100 39200 92940 39760 1 2
91100 39200 92940 39760 2 2
91080 39200 92960 39760 0 2
91080 39200 92960 39760 1 2
91740 38510 92300 40450 2 2
91740 38510 92300 40450 3 2
91740 38560 92300 40400 1 2
91740 38560 92300 40400 2 2
91740 38830 92300 46850 2 2
91740 38830 92300 46850 3 2
91740 38880 92300 46800 1 2
91740 38880 92300 46800 2 2
91740 45230 92300 55570 2 2
91740 45230 92300 55570 3 2
91740 45280 92300 55520 1 2
91740 45280 92300 55520 2 2
91770 30460 92270 38420 0 2
91770 30460 92270 38420 1 2
91770 38020 92270 40940 0 2
91770 38020 92270 40940 1 2
91770 42220 92270 45140 0 2
91770 42220 92270 45140 1 2
91770 45580 92270 53540 0 2
91770 45580 92270 53540 1 2
91770 53140 92270 56060 0 2
91770 53140 92270 56060 1 2
91770 57340 92270 60260 0 2
91770 57340 92270 60260 1 2
91960 40040 93800 40600 1 2
91960 40040 93800 40600 2 2
91940 40040 93820 40600 0 2
91940 40040 93820 40600 1 2
92600 39350 93160 41290 2 2
92600 39350 93160 41290 3 2
92600 39400 93160 41240 1 2
92600 39400 93160 41240 2 2
92600 39670 93160 47690 2 2
92600 39670 93160 47690 3 2
92600 39720 93160 47640 1 2
92600 39720 93160 47640 2 2
92600 46070 93160 56410 2 2
92600 46070 93160 56410 3 2
92600 46120 93160 56360 1 2
92600 46120 93160 56360 2 2
92630 30460 93130 38420 0 2
92630 30460 93130 38420 1 2
92630 45580 93130 53540 0 2
92630 45580 93130 53540 1 2
92820 39200 94660 39760 1 2
92820 39200 94660 39760 2 2
92800 39200 94680 39760 0 2
92800 39200 94680 39760 1 2
92820 40040 94660 40600 1 2
92820 40040 94660 40600 2 2
92800 40040 94680 40600 0 2
92800 40040 94680 40600 1 2
92820 43400 94660 43960 1 2
92820 43400 94660 43960 2 2
92800 43400 94680 43960 0 2
92800 43400 94680 43960 1 2
92820 58520 94660 59080 1 2
92820 58520 94660 59080 2 2
92800 58520 94680 59080 0 2
92800 58520 94680 59080 1 2
93460 38510 94020 40450 2 2
93460 38510 94020 40450 3 2
93460 38560 94020 40400 1 2
93460 38560 94020 40400 2 2
93460 38830 94020 40970 2 2
93460 38830 94020 40970 3 2
93460 38880 94020 40920 1 2
93460 38880 94020 40920 2 2
93460 39350 94020 41290 2 2
93460 39350 94020 41290 3 2
93460 39400 94020 41240 1 2
93460 39400 94020 41240 2 2
93460 42710 94020 44650 2 2
93460 42710 94020 44650 3 2
93460 42760 94020 44600 1 2
93460 42760 94020 44600 2 2
93460 43030 94020 59450 2 2
93460 43030 94020 59450 3 2
93460 43080 94020 59400 1 2
93460 43080 94020 59400 2 2
93460 57830 94020 59770 2 2
93460 57830 94020 59770 3 2
93460 57880 94020 59720 1 2
93460 57880 94020 59720 2 2
93490 30460 93990 38420 0 2
93490 30460 93990 38420 1 2
93490 38020 93990 40940 0 2
93490 38020 93990 40940 1 2
93490 42220 93990 45140 0 2
93490 42220 93990 45140 1 2
93490 45580 93990 53540 0 2
93490 45580 93990 53540 1 2
93490 53140 93990 56060 0 2
93490 53140 93990 56060 1 2
93490 57340 93990 60260 0 2
93490 57340 93990 60260 1 2
93140 39200 108960 39760 1 2
93140 39200 108960 39760 2 2
93120 39200 108980 39760 0 2
93120 39200 108980 39760 1 2
94350 30460 94850 38420 0 2
94350 30460 94850 38420 1 2
94350 45580 94850 53540 0 2
94350 45580 94850 53540 1 2
97100 30800 123060 31360 1 2
97100 30800 123060 31360 2 2
97080 30800 123080 31360 0 2
97080 30800 123080 31360 1 2
97790 30460 98290 38420 0 2
97790 30460 98290 38420 1 2
107420 39200 111020 39760 1 2
107420 39200 111020 39760 2 2
107400 39200 111040 39760 0 2
107400 39200 111040 39760 1 2
108280 31640 111880 32200 1 2
108280 31640 111880 32200 2 2
108260 31640 111900 32200 0 2
108260 31640 111900 32200 1 2
108280 43400 111880 43960 1 2
108280 43400 111880 43960 2 2
108260 43400 111900 43960 0 2
108260 43400 111900 43960 1 2
109830 30460 110330 38420 0 2
109830 30460 110330 38420 1 2
109830 38020 110330 40940 0 2
109830 38020 110330 40940 1 2
109830 42220 110330 45140 0 2
109830 42220 110330 45140 1 2
110660 30110 111220 44650 2 2
110660 30110 111220 44650 3 2
110660 30160 111220 44600 1 2
110660 30160 111220 44600 2 2
121870 30460 122370 38420 0 2
121870 30460 122370 38420 1 2
