2720 32880 4160 34320 0 2
2720 39600 4160 41040 0 2
14760 21120 16200 22560 0 2
14760 25320 16200 26760 0 2
14760 33720 16200 35160 0 2
14760 38760 16200 40200 0 2
14760 47160 16200 48600 0 2
14760 51360 16200 52800 0 2
26800 32880 28240 34320 0 2
26800 39600 28240 41040 0 2
33680 13560 35120 15000 0 2
33680 32040 35120 33480 0 2
33680 40440 35120 41880 0 2
33680 58920 35120 60360 0 2
34540 2640 35980 4080 0 2
34540 6840 35980 8280 0 2
34540 14400 35980 15840 0 2
34540 21120 35980 22560 0 2
34540 24480 35980 25920 0 2
34540 32880 35980 34320 0 2
34540 39600 35980 41040 0 2
34540 48000 35980 49440 0 2
34540 51360 35980 52800 0 2
34540 58080 35980 59520 0 2
34540 65640 35980 67080 0 2
34540 69840 35980 71280 0 2
35400 13560 36840 15000 0 2
35400 32040 36840 33480 0 2
35400 40440 36840 41880 0 2
35400 58920 36840 60360 0 2
36260 2640 37700 4080 0 2
36260 6000 37700 7440 0 2
36260 15240 37700 16680 0 2
36260 21120 37700 22560 0 2
36260 25320 37700 26760 0 2
36260 33720 37700 35160 0 2
36260 38760 37700 40200 0 2
36260 47160 37700 48600 0 2
36260 51360 37700 52800 0 2
36260 57240 37700 58680 0 2
36260 66480 37700 67920 0 2
36260 69840 37700 71280 0 2
37120 13560 38560 15000 0 2
37120 32040 38560 33480 0 2
37120 40440 38560 41880 0 2
37120 58920 38560 60360 0 2
38840 32040 40280 33480 0 2
38840 40440 40280 41880 0 2
44000 32880 45440 34320 0 2
44000 39600 45440 41040 0 2
56040 21120 57480 22560 0 2
56040 25320 57480 26760 0 2
56040 33720 57480 35160 0 2
56040 38760 57480 40200 0 2
56040 47160 57480 48600 0 2
56040 51360 57480 52800 0 2
68080 32880 69520 34320 0 2
68080 39600 69520 41040 0 2
74960 32880 76400 34320 0 2
74960 39600 76400 41040 0 2
87000 21120 88440 22560 0 2
87000 25320 88440 26760 0 2
87000 33720 88440 35160 0 2
87000 38760 88440 40200 0 2
87000 47160 88440 48600 0 2
87000 51360 88440 52800 0 2
99040 32880 100480 34320 0 2
99040 39600 100480 41040 0 2
105920 13560 107360 15000 0 2
105920 32040 107360 33480 0 2
105920 40440 107360 41880 0 2
105920 58920 107360 60360 0 2
106780 2640 108220 4080 0 2
106780 6000 108220 7440 0 2
106780 15240 108220 16680 0 2
106780 21120 108220 22560 0 2
106780 25320 108220 26760 0 2
106780 33720 108220 35160 0 2
106780 38760 108220 40200 0 2
106780 47160 108220 48600 0 2
106780 51360 108220 52800 0 2
106780 57240 108220 58680 0 2
106780 66480 108220 67920 0 2
106780 69840 108220 71280 0 2
107640 13560 109080 15000 0 2
107640 32040 109080 33480 0 2
107640 40440 109080 41880 0 2
107640 58920 109080 60360 0 2
108500 2640 109940 4080 0 2
108500 6840 109940 8280 0 2
108500 14400 109940 15840 0 2
108500 21120 109940 22560 0 2
108500 24480 109940 25920 0 2
108500 32880 109940 34320 0 2
108500 39600 109940 41040 0 2
108500 48000 109940 49440 0 2
108500 51360 109940 52800 0 2
108500 58080 109940 59520 0 2
108500 65640 109940 67080 0 2
108500 69840 109940 71280 0 2
109360 13560 110800 15000 0 2
109360 32040 110800 33480 0 2
109360 40440 110800 41880 0 2
109360 58920 110800 60360 0 2
116240 32880 117680 34320 0 2
116240 39600 117680 41040 0 2
128280 21120 129720 22560 0 2
128280 25320 129720 26760 0 2
128280 33720 129720 35160 0 2
128280 38760 129720 40200 0 2
128280 47160 129720 48600 0 2
128280 51360 129720 52800 0 2
140320 32880 141760 34320 0 2
140320 39600 141760 41040 0 2
13980 21200 15260 22480 1 2
13980 32960 15260 34240 1 2
13980 33800 15260 35080 1 2
13980 38840 15260 40120 1 2
13980 39680 15260 40960 1 2
13980 44720 15260 46000 1 2
13980 51440 15260 52720 1 2
33760 13640 35040 14920 1 2
33760 32120 35040 33400 1 2
33760 40520 35040 41800 1 2
33760 59000 35040 60280 1 2
34620 2720 35900 4000 1 2
34620 21200 35900 22480 1 2
34620 24560 35900 25840 1 2
34620 25400 35900 26680 1 2
34620 47240 35900 48520 1 2
34620 48080 35900 49360 1 2
34620 51440 35900 52720 1 2
34620 69920 35900 71200 1 2
35480 6080 36760 7360 1 2
35480 14480 36760 15760 1 2
35480 24560 36760 25840 1 2
35480 32960 36760 34240 1 2
35480 39680 36760 40960 1 2
35480 48080 36760 49360 1 2
35480 58160 36760 59440 1 2
35480 66560 36760 67840 1 2
36340 6920 37620 8200 1 2
36340 15320 37620 16600 1 2
36340 25400 37620 26680 1 2
36340 47240 37620 48520 1 2
36340 57320 37620 58600 1 2
36340 65720 37620 67000 1 2
37200 33800 38480 35080 1 2
37200 38840 38480 40120 1 2
56980 21200 58260 22480 1 2
56980 27080 58260 28360 1 2
56980 32960 58260 34240 1 2
56980 33800 58260 35080 1 2
56980 38840 58260 40120 1 2
56980 39680 58260 40960 1 2
56980 51440 58260 52720 1 2
86220 21200 87500 22480 1 2
86220 27080 87500 28360 1 2
86220 32960 87500 34240 1 2
86220 33800 87500 35080 1 2
86220 38840 87500 40120 1 2
86220 39680 87500 40960 1 2
86220 51440 87500 52720 1 2
106000 33800 107280 35080 1 2
106000 38840 107280 40120 1 2
106860 6920 108140 8200 1 2
106860 15320 108140 16600 1 2
106860 25400 108140 26680 1 2
106860 47240 108140 48520 1 2
106860 57320 108140 58600 1 2
106860 65720 108140 67000 1 2
107720 6080 109000 7360 1 2
107720 14480 109000 15760 1 2
107720 24560 109000 25840 1 2
107720 32960 109000 34240 1 2
107720 39680 109000 40960 1 2
107720 48080 109000 49360 1 2
107720 58160 109000 59440 1 2
107720 66560 109000 67840 1 2
108580 2720 109860 4000 1 2
108580 21200 109860 22480 1 2
108580 24560 109860 25840 1 2
108580 25400 109860 26680 1 2
108580 47240 109860 48520 1 2
108580 48080 109860 49360 1 2
108580 51440 109860 52720 1 2
108580 69920 109860 71200 1 2
109440 13640 110720 14920 1 2
109440 32120 110720 33400 1 2
109440 40520 110720 41800 1 2
109440 59000 110720 60280 1 2
129220 21200 130500 22480 1 2
129220 32960 130500 34240 1 2
129220 33800 130500 35080 1 2
129220 38840 130500 40120 1 2
129220 39680 130500 40960 1 2
129220 44720 130500 46000 1 2
129220 51440 130500 52720 1 2
13820 26920 15420 28520 2 2
56820 44560 58420 46160 2 2
86060 44560 87660 46160 2 2
129060 26920 130660 28520 2 2
