62920 28680 64360 30120 0 2
74960 16080 76400 17520 0 2
74960 20280 76400 21720 0 2
74960 27840 76400 29280 0 2
87000 28680 88440 30120 0 2
90440 11880 91880 13320 0 2
90440 27000 91880 28440 0 2
91300 960 92740 2400 0 2
91300 4320 92740 5760 0 2
91300 13560 92740 15000 0 2
91300 16080 92740 17520 0 2
91300 20280 92740 21720 0 2
91300 28680 92740 30120 0 2
92160 11880 93600 13320 0 2
92160 27000 93600 28440 0 2
93020 960 94460 2400 0 2
93020 5160 94460 6600 0 2
93020 12720 94460 14160 0 2
93020 16080 94460 17520 0 2
93020 19440 94460 20880 0 2
93020 27840 94460 29280 0 2
93880 11880 95320 13320 0 2
93880 27000 95320 28440 0 2
97320 28680 98760 30120 0 2
109360 16080 110800 17520 0 2
109360 20280 110800 21720 0 2
109360 27840 110800 29280 0 2
121400 28680 122840 30120 0 2
74180 16160 75460 17440 1 2
74180 27920 75460 29200 1 2
74180 28760 75460 30040 1 2
91380 5240 92660 6520 1 2
91380 13640 92660 14920 1 2
91380 20360 92660 21640 1 2
92240 4400 93520 5680 1 2
92240 12800 93520 14080 1 2
92240 19520 93520 20800 1 2
93100 1040 94380 2320 1 2
93100 16160 94380 17440 1 2
93100 19520 94380 20800 1 2
93100 20360 94380 21640 1 2
110300 16160 111580 17440 1 2
110300 27920 111580 29200 1 2
110300 28760 111580 30040 1 2
