2720 32880 4160 34320 0 2
2720 39600 4160 41040 0 2
14760 21120 16200 22560 0 2
14760 25320 16200 26760 0 2
14760 33720 16200 35160 0 2
14760 38760 16200 40200 0 2
14760 47160 16200 48600 0 2
14760 51360 16200 52800 0 2
26800 32880 28240 34320 0 2
26800 39600 28240 41040 0 2
33680 13560 35120 15000 0 2
33680 32040 35120 33480 0 2
33680 40440 35120 41880 0 2
33680 58920 35120 60360 0 2
34540 2640 35980 4080 0 2
34540 6840 35980 8280 0 2
34540 14400 35980 15840 0 2
34540 21120 35980 22560 0 2
34540 24480 35980 25920 0 2
34540 32880 35980 34320 0 2
34540 39600 35980 41040 0 2
34540 48000 35980 49440 0 2
34540 51360 35980 52800 0 2
34540 58080 35980 59520 0 2
34540 65640 35980 67080 0 2
34540 69840 35980 71280 0 2
35400 13560 36840 15000 0 2
35400 32040 36840 33480 0 2
35400 40440 36840 41880 0 2
35400 58920 36840 60360 0 2
36260 2640 37700 4080 0 2
36260 6000 37700 7440 0 2
36260 15240 37700 16680 0 2
36260 21120 37700 22560 0 2
36260 25320 37700 26760 0 2
36260 33720 37700 35160 0 2
36260 38760 37700 40200 0 2
36260 47160 37700 48600 0 2
36260 51360 37700 52800 0 2
36260 57240 37700 58680 0 2
36260 66480 37700 67920 0 2
36260 69840 37700 71280 0 2
37120 13560 38560 15000 0 2
37120 32040 38560 33480 0 2
37120 40440 38560 41880 0 2
37120 58920 38560 60360 0 2
44000 32880 45440 34320 0 2
44000 39600 45440 41040 0 2
56040 21120 57480 22560 0 2
56040 25320 57480 26760 0 2
56040 33720 57480 35160 0 2
56040 38760 57480 40200 0 2
56040 47160 57480 48600 0 2
56040 51360 57480 52800 0 2
68080 32880 69520 34320 0 2
68080 39600 69520 41040 0 2
13980 21200 15260 22480 1 2
13980 32960 15260 34240 1 2
13980 33800 15260 35080 1 2
13980 38840 15260 40120 1 2
13980 39680 15260 40960 1 2
13980 51440 15260 52720 1 2
33760 13640 35040 14920 1 2
33760 32120 35040 33400 1 2
33760 40520 35040 41800 1 2
33760 59000 35040 60280 1 2
34620 2720 35900 4000 1 2
34620 21200 35900 22480 1 2
34620 24560 35900 25840 1 2
34620 25400 35900 26680 1 2
34620 47240 35900 48520 1 2
34620 48080 35900 49360 1 2
34620 51440 35900 52720 1 2
34620 69920 35900 71200 1 2
35480 6080 36760 7360 1 2
35480 14480 36760 15760 1 2
35480 24560 36760 25840 1 2
35480 48080 36760 49360 1 2
35480 58160 36760 59440 1 2
35480 66560 36760 67840 1 2
36340 6920 37620 8200 1 2
36340 15320 37620 16600 1 2
36340 25400 37620 26680 1 2
36340 47240 37620 48520 1 2
36340 57320 37620 58600 1 2
36340 65720 37620 67000 1 2
37200 33800 38480 35080 1 2
37200 38840 38480 40120 1 2
56980 21200 58260 22480 1 2
56980 32960 58260 34240 1 2
56980 33800 58260 35080 1 2
56980 38840 58260 40120 1 2
56980 39680 58260 40960 1 2
56980 51440 58260 52720 1 2
