17200 0 0 0
17200 840 0 0
17200 1680 0 0
17200 2520 0 0
17200 3360 0 0
17200 4200 0 0
17200 5040 0 0
17200 5880 0 0
17200 6720 0 0
17200 7560 0 0
17200 8400 0 0
17200 9240 0 0
17200 10080 0 0
17200 10920 0 0
17200 11760 0 0
17200 12600 0 0
17200 13440 0 0
17200 14280 0 0
17200 15120 0 0
17200 15960 0 0
17200 16800 0 0
17200 17640 0 0
17200 18480 0 0
17200 19320 0 0
17200 20160 0 0
17200 21000 0 0
17200 21840 0 0
17200 22680 0 0
17200 23520 0 0
17200 24360 0 0
17200 25200 0 0
17200 26040 0 0
17200 26880 0 0
17200 27720 0 0
17200 28560 0 0
17200 29400 0 0
17200 30240 0 0
17200 31080 0 0
17200 31920 0 0
17200 32760 0 0
17200 33600 0 0
18060 0 0 0
18060 840 0 0
18060 1680 0 0
18060 2520 0 0
18060 3360 0 0
18060 4200 0 0
18060 5040 0 0
18060 5880 0 0
18060 6720 0 0
18060 7560 0 0
18060 8400 0 0
18060 9240 0 0
18060 10080 0 0
18060 10920 0 0
18060 11760 0 0
18060 12600 0 0
18060 13440 0 0
18060 14280 0 0
18060 15120 0 0
18060 15960 0 0
18060 16800 0 0
18060 17640 0 0
18060 18480 0 0
18060 19320 0 0
18060 20160 0 0
18060 21000 0 0
18060 21840 0 0
18060 22680 0 0
18060 23520 0 0
18060 24360 0 0
18060 25200 0 0
18060 26040 0 0
18060 26880 0 0
18060 27720 0 0
18060 28560 0 0
18060 29400 0 0
18060 30240 0 0
18060 31080 0 0
18060 31920 0 0
18060 32760 0 0
18060 33600 0 0
18920 0 0 0
18920 840 0 0
18920 1680 0 0
18920 2520 0 0
18920 3360 0 0
18920 4200 0 0
18920 5040 0 0
18920 5880 0 0
18920 6720 0 0
18920 7560 0 0
18920 8400 0 0
18920 9240 0 0
18920 10080 0 0
18920 10920 0 0
18920 11760 0 0
18920 12600 0 0
18920 13440 0 0
18920 14280 0 0
18920 15120 0 0
18920 15960 0 0
18920 16800 0 0
18920 17640 0 0
18920 18480 0 0
18920 19320 0 0
18920 20160 0 0
18920 21000 0 0
18920 21840 0 0
18920 22680 0 0
18920 23520 0 0
18920 24360 0 0
18920 25200 0 0
18920 26040 0 0
18920 26880 0 0
18920 27720 0 0
18920 28560 0 0
18920 29400 0 0
18920 30240 0 0
18920 31080 0 0
18920 31920 0 0
18920 32760 0 0
18920 33600 0 0
19780 0 0 0
19780 840 0 0
19780 1680 0 0
19780 2520 0 0
19780 3360 0 0
19780 4200 0 0
19780 5040 0 0
19780 5880 0 0
19780 6720 0 0
19780 7560 0 0
19780 8400 0 0
19780 9240 0 0
19780 10080 0 0
19780 10920 0 0
19780 11760 0 0
19780 12600 0 0
19780 13440 0 0
19780 14280 0 0
19780 15120 0 0
19780 15960 0 0
19780 16800 0 0
19780 17640 0 0
19780 18480 0 0
19780 19320 0 0
19780 20160 0 0
19780 21000 0 0
19780 21840 0 0
19780 22680 0 0
19780 23520 0 0
19780 24360 0 0
19780 25200 0 0
19780 26040 0 0
19780 26880 0 0
19780 27720 0 0
19780 28560 0 0
19780 29400 0 0
19780 30240 0 0
19780 31080 0 0
19780 31920 0 0
19780 32760 0 0
19780 33600 0 0
20640 0 0 0
20640 840 0 0
20640 1680 0 0
20640 2520 0 0
20640 3360 0 0
20640 4200 0 0
20640 5040 0 0
20640 5880 0 0
20640 6720 0 0
20640 7560 0 0
20640 8400 0 0
20640 9240 0 0
20640 10080 0 0
20640 10920 0 0
20640 11760 0 0
20640 12600 0 0
20640 13440 0 0
20640 14280 0 0
20640 15120 0 0
20640 15960 0 0
20640 16800 0 0
20640 17640 0 0
20640 18480 0 0
20640 19320 0 0
20640 20160 0 0
20640 21000 0 0
20640 21840 0 0
20640 22680 0 0
20640 23520 0 0
20640 24360 0 0
20640 25200 0 0
20640 26040 0 0
20640 26880 0 0
20640 27720 0 0
20640 28560 0 0
20640 29400 0 0
20640 30240 0 0
20640 31080 0 0
20640 31920 0 0
20640 32760 0 0
20640 33600 0 0
21500 0 0 0
21500 840 0 0
21500 1680 0 0
21500 2520 0 0
21500 3360 0 0
21500 4200 0 0
21500 5040 0 0
21500 5880 0 0
21500 6720 0 0
21500 7560 0 0
21500 8400 0 0
21500 9240 0 0
21500 10080 0 0
21500 10920 0 0
21500 11760 0 0
21500 12600 0 0
21500 13440 0 0
21500 14280 0 0
21500 15120 0 0
21500 15960 0 0
21500 16800 0 0
21500 17640 0 0
21500 18480 0 0
21500 19320 0 0
21500 20160 0 0
21500 21000 0 0
21500 21840 0 0
21500 22680 0 0
21500 23520 0 0
21500 24360 0 0
21500 25200 0 0
21500 26040 0 0
21500 26880 0 0
21500 27720 0 0
21500 28560 0 0
21500 29400 0 0
21500 30240 0 0
21500 31080 0 0
21500 31920 0 0
21500 32760 0 0
21500 33600 0 0
22360 0 0 0
22360 840 0 0
22360 1680 0 0
22360 2520 0 0
22360 3360 0 0
22360 4200 0 0
22360 5040 0 0
22360 5880 0 0
22360 6720 0 0
22360 7560 0 0
22360 8400 0 0
22360 9240 0 0
22360 10080 0 0
22360 10920 0 0
22360 11760 0 0
22360 12600 0 0
22360 13440 0 0
22360 14280 0 0
22360 15120 0 0
22360 15960 0 0
22360 16800 0 0
22360 17640 0 0
22360 18480 0 0
22360 19320 0 0
22360 20160 0 0
22360 21000 0 0
22360 21840 0 0
22360 22680 0 0
22360 23520 0 0
22360 24360 0 0
22360 25200 0 0
22360 26040 0 0
22360 26880 0 0
22360 27720 0 0
22360 28560 0 0
22360 29400 0 0
22360 30240 0 0
22360 31080 0 0
22360 31920 0 0
22360 32760 0 0
22360 33600 0 0
23220 0 0 0
23220 840 0 0
23220 1680 0 0
23220 2520 0 0
23220 3360 0 0
23220 4200 0 0
23220 5040 0 0
23220 5880 0 0
23220 6720 0 0
23220 7560 0 0
23220 8400 0 0
23220 9240 0 0
23220 10080 0 0
23220 10920 0 0
23220 11760 0 0
23220 12600 0 0
23220 13440 0 0
23220 14280 0 0
23220 15120 0 0
23220 15960 0 0
23220 16800 0 0
23220 17640 0 0
23220 18480 0 0
23220 19320 0 0
23220 20160 0 0
23220 21000 0 0
23220 21840 0 0
23220 22680 0 0
23220 23520 0 0
23220 24360 0 0
23220 25200 0 0
23220 26040 0 0
23220 26880 0 0
23220 27720 0 0
23220 28560 0 0
23220 29400 0 0
23220 30240 0 0
23220 31080 0 0
23220 31920 0 0
23220 32760 0 0
23220 33600 0 0
24080 0 0 0
24080 840 0 0
24080 1680 0 0
24080 2520 0 0
24080 3360 0 0
24080 4200 0 0
24080 5040 0 0
24080 5880 0 0
24080 6720 0 0
24080 7560 0 0
24080 8400 0 0
24080 9240 0 0
24080 10080 0 0
24080 10920 0 0
24080 11760 0 0
24080 12600 0 0
24080 13440 0 0
24080 14280 0 0
24080 15120 0 0
24080 15960 0 0
24080 16800 0 0
24080 17640 0 0
24080 18480 0 0
24080 19320 0 0
24080 20160 0 0
24080 21000 0 0
24080 21840 0 0
24080 22680 0 0
24080 23520 0 0
24080 24360 0 0
24080 25200 0 0
24080 26040 0 0
24080 26880 0 0
24080 27720 0 0
24080 28560 0 0
24080 29400 0 0
24080 30240 0 0
24080 31080 0 0
24080 31920 0 0
24080 32760 0 0
24080 33600 0 0
24940 0 0 0
24940 840 0 0
24940 1680 0 0
24940 2520 0 0
24940 3360 0 0
24940 4200 0 0
24940 5040 0 0
24940 5880 0 0
24940 6720 0 0
24940 7560 0 0
24940 8400 0 0
24940 9240 0 0
24940 10080 0 0
24940 10920 0 0
24940 11760 0 0
24940 12600 0 0
24940 13440 0 0
24940 14280 0 0
24940 15120 0 0
24940 15960 0 0
24940 16800 0 0
24940 17640 0 0
24940 18480 0 0
24940 19320 0 0
24940 20160 0 0
24940 21000 0 0
24940 21840 0 0
24940 22680 0 0
24940 23520 0 0
24940 24360 0 0
24940 25200 0 0
24940 26040 0 0
24940 26880 0 0
24940 27720 0 0
24940 28560 0 0
24940 29400 0 0
24940 30240 0 0
24940 31080 0 0
24940 31920 0 0
24940 32760 0 0
24940 33600 0 0
25800 0 0 0
25800 840 0 0
25800 1680 0 0
25800 2520 0 0
25800 3360 0 0
25800 4200 0 0
25800 5040 0 0
25800 5880 0 0
25800 6720 0 0
25800 7560 0 0
25800 8400 0 0
25800 9240 0 0
25800 10080 0 0
25800 10920 0 0
25800 11760 0 0
25800 12600 0 0
25800 13440 0 0
25800 14280 0 0
25800 15120 0 0
25800 15960 0 0
25800 16800 0 0
25800 17640 0 0
25800 18480 0 0
25800 19320 0 0
25800 20160 0 0
25800 21000 0 0
25800 21840 0 0
25800 30240 0 0
26660 0 0 0
26660 840 0 0
26660 1680 0 0
26660 2520 0 0
26660 3360 0 0
26660 4200 0 0
26660 5040 0 0
26660 5880 0 0
26660 6720 0 0
26660 7560 0 0
26660 8400 0 0
26660 9240 0 0
26660 10080 0 0
26660 10920 0 0
26660 11760 0 0
26660 12600 0 0
26660 13440 0 0
26660 14280 0 0
26660 15120 0 0
26660 15960 0 0
26660 16800 0 0
26660 17640 0 0
26660 18480 0 0
26660 19320 0 0
26660 20160 0 0
26660 21000 0 0
26660 21840 0 0
26660 22680 0 0
26660 23520 0 0
26660 24360 0 0
26660 25200 0 0
26660 26040 0 0
26660 26880 0 0
26660 27720 0 0
26660 28560 0 0
26660 29400 0 0
26660 30240 0 0
26660 31080 0 0
26660 31920 0 0
26660 32760 0 0
26660 33600 0 0
27520 0 0 0
27520 840 0 0
27520 1680 0 0
27520 2520 0 0
27520 3360 0 0
27520 4200 0 0
27520 5040 0 0
27520 5880 0 0
27520 6720 0 0
27520 7560 0 0
27520 8400 0 0
27520 9240 0 0
27520 10080 0 0
27520 10920 0 0
27520 11760 0 0
27520 12600 0 0
27520 13440 0 0
27520 14280 0 0
27520 15120 0 0
27520 15960 0 0
27520 16800 0 0
27520 17640 0 0
27520 18480 0 0
27520 19320 0 0
27520 20160 0 0
27520 21000 0 0
27520 21840 0 0
27520 22680 0 0
27520 23520 0 0
27520 24360 0 0
27520 25200 0 0
27520 26040 0 0
27520 26880 0 0
27520 27720 0 0
27520 28560 0 0
27520 29400 0 0
27520 30240 0 0
27520 31080 0 0
27520 31920 0 0
27520 32760 0 0
27520 33600 0 0
28380 0 0 0
28380 840 0 0
28380 1680 0 0
28380 2520 0 0
28380 3360 0 0
28380 4200 0 0
28380 5040 0 0
28380 5880 0 0
28380 6720 0 0
28380 7560 0 0
28380 8400 0 0
28380 9240 0 0
28380 10080 0 0
28380 10920 0 0
28380 11760 0 0
28380 12600 0 0
28380 13440 0 0
28380 14280 0 0
28380 15120 0 0
28380 15960 0 0
28380 16800 0 0
28380 17640 0 0
28380 18480 0 0
28380 19320 0 0
28380 20160 0 0
28380 21000 0 0
28380 21840 0 0
28380 22680 0 0
28380 23520 0 0
28380 24360 0 0
28380 25200 0 0
28380 26040 0 0
28380 26880 0 0
28380 27720 0 0
28380 28560 0 0
28380 29400 0 0
28380 30240 0 0
28380 31080 0 0
28380 31920 0 0
28380 32760 0 0
28380 33600 0 0
29240 0 0 0
29240 840 0 0
29240 1680 0 0
29240 2520 0 0
29240 3360 0 0
29240 4200 0 0
29240 5040 0 0
29240 5880 0 0
29240 6720 0 0
29240 15120 0 0
29240 15960 0 0
29240 16800 0 0
29240 17640 0 0
29240 18480 0 0
29240 19320 0 0
29240 20160 0 0
29240 21000 0 0
29240 21840 0 0
29240 30240 0 0
30100 0 0 0
30100 3360 0 0
30100 4200 0 0
30100 15120 0 0
30100 18480 0 0
30100 19320 0 0
30100 30240 0 0
30960 0 0 0
30960 840 0 0
30960 1680 0 0
30960 2520 0 0
30960 3360 0 0
30960 4200 0 0
30960 5040 0 0
30960 5880 0 0
30960 6720 0 0
30960 15120 0 0
30960 15960 0 0
30960 16800 0 0
30960 17640 0 0
30960 18480 0 0
30960 19320 0 0
30960 20160 0 0
30960 21000 0 0
30960 21840 0 0
30960 30240 0 0
31820 0 0 0
31820 3360 0 0
31820 4200 0 0
31820 15120 0 0
31820 18480 0 0
31820 19320 0 0
31820 30240 0 0
32680 0 0 0
32680 840 0 0
32680 1680 0 0
32680 2520 0 0
32680 3360 0 0
32680 4200 0 0
32680 5040 0 0
32680 5880 0 0
32680 6720 0 0
32680 15120 0 0
32680 15960 0 0
32680 16800 0 0
32680 17640 0 0
32680 18480 0 0
32680 19320 0 0
32680 20160 0 0
32680 21000 0 0
32680 21840 0 0
32680 30240 0 0
33540 0 0 0
33540 840 0 0
33540 1680 0 0
33540 2520 0 0
33540 3360 0 0
33540 4200 0 0
33540 5040 0 0
33540 5880 0 0
33540 6720 0 0
33540 7560 0 0
33540 8400 0 0
33540 9240 0 0
33540 10080 0 0
33540 10920 0 0
33540 11760 0 0
33540 12600 0 0
33540 13440 0 0
33540 14280 0 0
33540 15120 0 0
33540 15960 0 0
33540 16800 0 0
33540 17640 0 0
33540 18480 0 0
33540 19320 0 0
33540 20160 0 0
33540 21000 0 0
33540 21840 0 0
33540 22680 0 0
33540 23520 0 0
33540 24360 0 0
33540 25200 0 0
33540 26040 0 0
33540 26880 0 0
33540 27720 0 0
33540 28560 0 0
33540 29400 0 0
33540 30240 0 0
33540 31080 0 0
33540 31920 0 0
33540 32760 0 0
33540 33600 0 0
34400 0 0 0
34400 840 0 0
34400 1680 0 0
34400 2520 0 0
34400 3360 0 0
34400 4200 0 0
34400 5040 0 0
34400 5880 0 0
34400 6720 0 0
34400 7560 0 0
34400 8400 0 0
34400 9240 0 0
34400 10080 0 0
34400 10920 0 0
34400 11760 0 0
34400 12600 0 0
34400 13440 0 0
34400 14280 0 0
34400 15120 0 0
34400 15960 0 0
34400 16800 0 0
34400 17640 0 0
34400 18480 0 0
34400 19320 0 0
34400 20160 0 0
34400 21000 0 0
34400 21840 0 0
34400 22680 0 0
34400 23520 0 0
34400 24360 0 0
34400 25200 0 0
34400 26040 0 0
34400 26880 0 0
34400 33600 0 0
86000 0 0 0
86000 840 0 0
86000 1680 0 0
86000 2520 0 0
86000 3360 0 0
86000 4200 0 0
86000 5040 0 0
86000 5880 0 0
86000 6720 0 0
86000 7560 0 0
86000 8400 0 0
86000 9240 0 0
86000 10080 0 0
86000 10920 0 0
86000 11760 0 0
86000 12600 0 0
86000 13440 0 0
86000 14280 0 0
86000 15120 0 0
86000 15960 0 0
86000 16800 0 0
86000 17640 0 0
86000 18480 0 0
86000 19320 0 0
86000 20160 0 0
86000 21000 0 0
86000 21840 0 0
86000 22680 0 0
86000 23520 0 0
86000 24360 0 0
86000 25200 0 0
86000 26040 0 0
86000 26880 0 0
86000 27720 0 0
86000 28560 0 0
86000 29400 0 0
86000 30240 0 0
86000 31080 0 0
86000 31920 0 0
86000 32760 0 0
86000 33600 0 0
86860 0 0 0
86860 840 0 0
86860 1680 0 0
86860 2520 0 0
86860 3360 0 0
86860 4200 0 0
86860 5040 0 0
86860 5880 0 0
86860 6720 0 0
86860 7560 0 0
86860 8400 0 0
86860 9240 0 0
86860 10080 0 0
86860 10920 0 0
86860 11760 0 0
86860 12600 0 0
86860 13440 0 0
86860 14280 0 0
86860 15120 0 0
86860 15960 0 0
86860 16800 0 0
86860 17640 0 0
86860 18480 0 0
86860 19320 0 0
86860 20160 0 0
86860 21000 0 0
86860 21840 0 0
86860 22680 0 0
86860 23520 0 0
86860 24360 0 0
86860 25200 0 0
86860 26040 0 0
86860 26880 0 0
86860 27720 0 0
86860 28560 0 0
86860 29400 0 0
86860 30240 0 0
86860 31080 0 0
86860 31920 0 0
86860 32760 0 0
86860 33600 0 0
87720 0 0 0
87720 840 0 0
87720 1680 0 0
87720 2520 0 0
87720 3360 0 0
87720 4200 0 0
87720 5040 0 0
87720 5880 0 0
87720 6720 0 0
87720 7560 0 0
87720 8400 0 0
87720 9240 0 0
87720 10080 0 0
87720 10920 0 0
87720 11760 0 0
87720 12600 0 0
87720 13440 0 0
87720 14280 0 0
87720 15120 0 0
87720 15960 0 0
87720 16800 0 0
87720 17640 0 0
87720 18480 0 0
87720 19320 0 0
87720 20160 0 0
87720 21000 0 0
87720 21840 0 0
87720 30240 0 0
88580 0 0 0
88580 840 0 0
88580 1680 0 0
88580 2520 0 0
88580 3360 0 0
88580 4200 0 0
88580 5040 0 0
88580 5880 0 0
88580 6720 0 0
88580 7560 0 0
88580 8400 0 0
88580 9240 0 0
88580 10080 0 0
88580 10920 0 0
88580 11760 0 0
88580 12600 0 0
88580 13440 0 0
88580 14280 0 0
88580 15120 0 0
88580 15960 0 0
88580 16800 0 0
88580 17640 0 0
88580 18480 0 0
88580 19320 0 0
88580 20160 0 0
88580 21000 0 0
88580 21840 0 0
88580 22680 0 0
88580 23520 0 0
88580 24360 0 0
88580 25200 0 0
88580 26040 0 0
88580 26880 0 0
88580 27720 0 0
88580 28560 0 0
88580 29400 0 0
88580 30240 0 0
88580 31080 0 0
88580 31920 0 0
88580 32760 0 0
88580 33600 0 0
89440 0 0 0
89440 840 0 0
89440 1680 0 0
89440 2520 0 0
89440 3360 0 0
89440 4200 0 0
89440 5040 0 0
89440 5880 0 0
89440 6720 0 0
89440 7560 0 0
89440 8400 0 0
89440 9240 0 0
89440 10080 0 0
89440 10920 0 0
89440 11760 0 0
89440 12600 0 0
89440 13440 0 0
89440 14280 0 0
89440 15120 0 0
89440 15960 0 0
89440 16800 0 0
89440 17640 0 0
89440 18480 0 0
89440 19320 0 0
89440 20160 0 0
89440 21000 0 0
89440 21840 0 0
89440 22680 0 0
89440 23520 0 0
89440 24360 0 0
89440 25200 0 0
89440 26040 0 0
89440 26880 0 0
89440 27720 0 0
89440 28560 0 0
89440 29400 0 0
89440 30240 0 0
89440 31080 0 0
89440 31920 0 0
89440 32760 0 0
89440 33600 0 0
90300 0 0 0
90300 840 0 0
90300 1680 0 0
90300 2520 0 0
90300 3360 0 0
90300 4200 0 0
90300 5040 0 0
90300 5880 0 0
90300 6720 0 0
90300 7560 0 0
90300 8400 0 0
90300 9240 0 0
90300 10080 0 0
90300 10920 0 0
90300 11760 0 0
90300 12600 0 0
90300 13440 0 0
90300 14280 0 0
90300 15120 0 0
90300 15960 0 0
90300 16800 0 0
90300 17640 0 0
90300 18480 0 0
90300 19320 0 0
90300 20160 0 0
90300 21000 0 0
90300 21840 0 0
90300 22680 0 0
90300 23520 0 0
90300 24360 0 0
90300 25200 0 0
90300 26040 0 0
90300 26880 0 0
90300 27720 0 0
90300 28560 0 0
90300 29400 0 0
90300 30240 0 0
90300 31080 0 0
90300 31920 0 0
90300 32760 0 0
90300 33600 0 0
91160 0 0 0
91160 840 0 0
91160 1680 0 0
91160 2520 0 0
91160 3360 0 0
91160 4200 0 0
91160 5040 0 0
91160 5880 0 0
91160 6720 0 0
91160 15120 0 0
91160 15960 0 0
91160 16800 0 0
91160 17640 0 0
91160 18480 0 0
91160 19320 0 0
91160 20160 0 0
91160 21000 0 0
91160 21840 0 0
91160 30240 0 0
92020 0 0 0
92020 3360 0 0
92020 4200 0 0
92020 15120 0 0
92020 18480 0 0
92020 19320 0 0
92020 30240 0 0
92880 0 0 0
92880 840 0 0
92880 1680 0 0
92880 2520 0 0
92880 3360 0 0
92880 4200 0 0
92880 5040 0 0
92880 5880 0 0
92880 6720 0 0
92880 15120 0 0
92880 15960 0 0
92880 16800 0 0
92880 17640 0 0
92880 18480 0 0
92880 19320 0 0
92880 20160 0 0
92880 21000 0 0
92880 21840 0 0
92880 30240 0 0
93740 0 0 0
93740 3360 0 0
93740 4200 0 0
93740 15120 0 0
93740 18480 0 0
93740 19320 0 0
93740 30240 0 0
94600 0 0 0
94600 840 0 0
94600 1680 0 0
94600 2520 0 0
94600 3360 0 0
94600 4200 0 0
94600 5040 0 0
94600 5880 0 0
94600 6720 0 0
94600 15120 0 0
94600 15960 0 0
94600 16800 0 0
94600 17640 0 0
94600 18480 0 0
94600 19320 0 0
94600 20160 0 0
94600 21000 0 0
94600 21840 0 0
94600 30240 0 0
95460 0 0 0
95460 840 0 0
95460 1680 0 0
95460 2520 0 0
95460 3360 0 0
95460 4200 0 0
95460 5040 0 0
95460 5880 0 0
95460 6720 0 0
95460 7560 0 0
95460 8400 0 0
95460 9240 0 0
95460 10080 0 0
95460 10920 0 0
95460 11760 0 0
95460 12600 0 0
95460 13440 0 0
95460 14280 0 0
95460 15120 0 0
95460 15960 0 0
95460 16800 0 0
95460 17640 0 0
95460 18480 0 0
95460 19320 0 0
95460 20160 0 0
95460 21000 0 0
95460 21840 0 0
95460 22680 0 0
95460 23520 0 0
95460 24360 0 0
95460 25200 0 0
95460 26040 0 0
95460 26880 0 0
95460 27720 0 0
95460 28560 0 0
95460 29400 0 0
95460 30240 0 0
95460 31080 0 0
95460 31920 0 0
95460 32760 0 0
95460 33600 0 0
96320 0 0 0
96320 840 0 0
96320 1680 0 0
96320 2520 0 0
96320 3360 0 0
96320 4200 0 0
96320 5040 0 0
96320 5880 0 0
96320 6720 0 0
96320 7560 0 0
96320 8400 0 0
96320 9240 0 0
96320 10080 0 0
96320 10920 0 0
96320 11760 0 0
96320 12600 0 0
96320 13440 0 0
96320 14280 0 0
96320 15120 0 0
96320 15960 0 0
96320 16800 0 0
96320 17640 0 0
96320 18480 0 0
96320 19320 0 0
96320 20160 0 0
96320 21000 0 0
96320 21840 0 0
96320 22680 0 0
96320 23520 0 0
96320 24360 0 0
96320 25200 0 0
96320 26040 0 0
96320 26880 0 0
96320 27720 0 0
96320 28560 0 0
96320 29400 0 0
96320 30240 0 0
96320 31080 0 0
96320 31920 0 0
96320 32760 0 0
96320 33600 0 0
97180 0 0 0
97180 840 0 0
97180 1680 0 0
97180 2520 0 0
97180 3360 0 0
97180 4200 0 0
97180 5040 0 0
97180 5880 0 0
97180 6720 0 0
97180 7560 0 0
97180 8400 0 0
97180 9240 0 0
97180 10080 0 0
97180 10920 0 0
97180 11760 0 0
97180 12600 0 0
97180 13440 0 0
97180 14280 0 0
97180 15120 0 0
97180 15960 0 0
97180 16800 0 0
97180 17640 0 0
97180 18480 0 0
97180 19320 0 0
97180 20160 0 0
97180 21000 0 0
97180 21840 0 0
97180 22680 0 0
97180 23520 0 0
97180 24360 0 0
97180 25200 0 0
97180 26040 0 0
97180 26880 0 0
97180 27720 0 0
97180 28560 0 0
97180 29400 0 0
97180 30240 0 0
97180 31080 0 0
97180 31920 0 0
97180 32760 0 0
97180 33600 0 0
98040 0 0 0
98040 840 0 0
98040 1680 0 0
98040 2520 0 0
98040 3360 0 0
98040 4200 0 0
98040 5040 0 0
98040 5880 0 0
98040 6720 0 0
98040 7560 0 0
98040 8400 0 0
98040 9240 0 0
98040 10080 0 0
98040 10920 0 0
98040 11760 0 0
98040 12600 0 0
98040 13440 0 0
98040 14280 0 0
98040 15120 0 0
98040 15960 0 0
98040 16800 0 0
98040 17640 0 0
98040 18480 0 0
98040 19320 0 0
98040 20160 0 0
98040 21000 0 0
98040 21840 0 0
98040 30240 0 0
98900 0 0 0
98900 840 0 0
98900 1680 0 0
98900 2520 0 0
98900 3360 0 0
98900 4200 0 0
98900 5040 0 0
98900 5880 0 0
98900 6720 0 0
98900 7560 0 0
98900 8400 0 0
98900 9240 0 0
98900 10080 0 0
98900 10920 0 0
98900 11760 0 0
98900 12600 0 0
98900 13440 0 0
98900 14280 0 0
98900 15120 0 0
98900 15960 0 0
98900 16800 0 0
98900 17640 0 0
98900 18480 0 0
98900 19320 0 0
98900 20160 0 0
98900 21000 0 0
98900 21840 0 0
98900 22680 0 0
98900 23520 0 0
98900 24360 0 0
98900 25200 0 0
98900 26040 0 0
98900 26880 0 0
98900 27720 0 0
98900 28560 0 0
98900 29400 0 0
98900 30240 0 0
98900 31080 0 0
98900 31920 0 0
98900 32760 0 0
98900 33600 0 0
99760 0 0 0
99760 840 0 0
99760 1680 0 0
99760 2520 0 0
99760 3360 0 0
99760 4200 0 0
99760 5040 0 0
99760 5880 0 0
99760 6720 0 0
99760 7560 0 0
99760 8400 0 0
99760 9240 0 0
99760 10080 0 0
99760 10920 0 0
99760 11760 0 0
99760 12600 0 0
99760 13440 0 0
99760 14280 0 0
99760 15120 0 0
99760 15960 0 0
99760 16800 0 0
99760 17640 0 0
99760 18480 0 0
99760 19320 0 0
99760 20160 0 0
99760 21000 0 0
99760 21840 0 0
99760 22680 0 0
99760 23520 0 0
99760 24360 0 0
99760 25200 0 0
99760 26040 0 0
99760 26880 0 0
99760 27720 0 0
99760 28560 0 0
99760 29400 0 0
99760 30240 0 0
99760 31080 0 0
99760 31920 0 0
99760 32760 0 0
99760 33600 0 0
100620 0 0 0
100620 840 0 0
100620 1680 0 0
100620 2520 0 0
100620 3360 0 0
100620 4200 0 0
100620 5040 0 0
100620 5880 0 0
100620 6720 0 0
100620 7560 0 0
100620 8400 0 0
100620 9240 0 0
100620 10080 0 0
100620 10920 0 0
100620 11760 0 0
100620 12600 0 0
100620 13440 0 0
100620 14280 0 0
100620 15120 0 0
100620 15960 0 0
100620 16800 0 0
100620 17640 0 0
100620 18480 0 0
100620 19320 0 0
100620 20160 0 0
100620 21000 0 0
100620 21840 0 0
100620 22680 0 0
100620 23520 0 0
100620 24360 0 0
100620 25200 0 0
100620 26040 0 0
100620 26880 0 0
100620 27720 0 0
100620 28560 0 0
100620 29400 0 0
100620 30240 0 0
100620 31080 0 0
100620 31920 0 0
100620 32760 0 0
100620 33600 0 0
101480 0 0 0
101480 840 0 0
101480 1680 0 0
101480 2520 0 0
101480 3360 0 0
101480 4200 0 0
101480 5040 0 0
101480 5880 0 0
101480 6720 0 0
101480 7560 0 0
101480 8400 0 0
101480 9240 0 0
101480 10080 0 0
101480 10920 0 0
101480 11760 0 0
101480 12600 0 0
101480 13440 0 0
101480 14280 0 0
101480 15120 0 0
101480 15960 0 0
101480 16800 0 0
101480 17640 0 0
101480 18480 0 0
101480 19320 0 0
101480 20160 0 0
101480 21000 0 0
101480 21840 0 0
101480 22680 0 0
101480 23520 0 0
101480 24360 0 0
101480 25200 0 0
101480 26040 0 0
101480 26880 0 0
101480 27720 0 0
101480 28560 0 0
101480 29400 0 0
101480 30240 0 0
101480 31080 0 0
101480 31920 0 0
101480 32760 0 0
101480 33600 0 0
102340 0 0 0
102340 840 0 0
102340 1680 0 0
102340 2520 0 0
102340 3360 0 0
102340 4200 0 0
102340 5040 0 0
102340 5880 0 0
102340 6720 0 0
102340 7560 0 0
102340 8400 0 0
102340 9240 0 0
102340 10080 0 0
102340 10920 0 0
102340 11760 0 0
102340 12600 0 0
102340 13440 0 0
102340 14280 0 0
102340 15120 0 0
102340 15960 0 0
102340 16800 0 0
102340 17640 0 0
102340 18480 0 0
102340 19320 0 0
102340 20160 0 0
102340 21000 0 0
102340 21840 0 0
102340 22680 0 0
102340 23520 0 0
102340 24360 0 0
102340 25200 0 0
102340 26040 0 0
102340 26880 0 0
102340 27720 0 0
102340 28560 0 0
102340 29400 0 0
102340 30240 0 0
102340 31080 0 0
102340 31920 0 0
102340 32760 0 0
102340 33600 0 0
103200 0 0 0
103200 840 0 0
103200 1680 0 0
103200 2520 0 0
103200 3360 0 0
103200 4200 0 0
103200 5040 0 0
103200 5880 0 0
103200 6720 0 0
103200 7560 0 0
103200 8400 0 0
103200 9240 0 0
103200 10080 0 0
103200 10920 0 0
103200 11760 0 0
103200 12600 0 0
103200 13440 0 0
103200 14280 0 0
103200 15120 0 0
103200 15960 0 0
103200 16800 0 0
103200 17640 0 0
103200 18480 0 0
103200 19320 0 0
103200 20160 0 0
103200 21000 0 0
103200 21840 0 0
103200 22680 0 0
103200 23520 0 0
103200 24360 0 0
103200 25200 0 0
103200 26040 0 0
103200 26880 0 0
103200 27720 0 0
103200 28560 0 0
103200 29400 0 0
103200 30240 0 0
103200 31080 0 0
103200 31920 0 0
103200 32760 0 0
103200 33600 0 0
17200 0 1 0
18060 0 1 0
18920 0 1 0
19780 0 1 0
20640 0 1 0
21500 0 1 0
22360 0 1 0
23220 0 1 0
24080 0 1 0
24940 0 1 0
25800 0 1 0
26660 0 1 0
27520 0 1 0
28380 0 1 0
29240 0 1 0
30100 0 1 0
30960 0 1 0
31820 0 1 0
32680 0 1 0
33540 0 1 0
34400 0 1 0
17200 840 1 0
18060 840 1 0
18920 840 1 0
19780 840 1 0
20640 840 1 0
21500 840 1 0
22360 840 1 0
23220 840 1 0
24080 840 1 0
24940 840 1 0
25800 840 1 0
26660 840 1 0
27520 840 1 0
28380 840 1 0
29240 840 1 0
30100 840 1 0
30960 840 1 0
31820 840 1 0
32680 840 1 0
33540 840 1 0
34400 840 1 0
17200 1680 1 0
18060 1680 1 0
18920 1680 1 0
19780 1680 1 0
20640 1680 1 0
21500 1680 1 0
22360 1680 1 0
23220 1680 1 0
24080 1680 1 0
24940 1680 1 0
25800 1680 1 0
26660 1680 1 0
27520 1680 1 0
28380 1680 1 0
29240 1680 1 0
30100 1680 1 0
30960 1680 1 0
31820 1680 1 0
32680 1680 1 0
33540 1680 1 0
34400 1680 1 0
17200 2520 1 0
18060 2520 1 0
18920 2520 1 0
19780 2520 1 0
20640 2520 1 0
21500 2520 1 0
22360 2520 1 0
23220 2520 1 0
24080 2520 1 0
24940 2520 1 0
25800 2520 1 0
26660 2520 1 0
27520 2520 1 0
28380 2520 1 0
29240 2520 1 0
30100 2520 1 0
30960 2520 1 0
31820 2520 1 0
32680 2520 1 0
33540 2520 1 0
34400 2520 1 0
17200 3360 1 0
18060 3360 1 0
18920 3360 1 0
19780 3360 1 0
20640 3360 1 0
21500 3360 1 0
22360 3360 1 0
23220 3360 1 0
24080 3360 1 0
24940 3360 1 0
25800 3360 1 0
26660 3360 1 0
27520 3360 1 0
28380 3360 1 0
29240 3360 1 0
30100 3360 1 0
30960 3360 1 0
31820 3360 1 0
32680 3360 1 0
33540 3360 1 0
34400 3360 1 0
17200 4200 1 0
18060 4200 1 0
18920 4200 1 0
19780 4200 1 0
20640 4200 1 0
21500 4200 1 0
22360 4200 1 0
23220 4200 1 0
24080 4200 1 0
24940 4200 1 0
25800 4200 1 0
26660 4200 1 0
27520 4200 1 0
28380 4200 1 0
29240 4200 1 0
30100 4200 1 0
30960 4200 1 0
31820 4200 1 0
32680 4200 1 0
33540 4200 1 0
34400 4200 1 0
17200 5040 1 0
18060 5040 1 0
18920 5040 1 0
19780 5040 1 0
20640 5040 1 0
21500 5040 1 0
22360 5040 1 0
23220 5040 1 0
24080 5040 1 0
24940 5040 1 0
25800 5040 1 0
26660 5040 1 0
27520 5040 1 0
28380 5040 1 0
29240 5040 1 0
34400 5040 1 0
17200 5880 1 0
18060 5880 1 0
18920 5880 1 0
19780 5880 1 0
20640 5880 1 0
21500 5880 1 0
22360 5880 1 0
23220 5880 1 0
24080 5880 1 0
24940 5880 1 0
25800 5880 1 0
26660 5880 1 0
27520 5880 1 0
28380 5880 1 0
33540 5880 1 0
34400 5880 1 0
17200 6720 1 0
18060 6720 1 0
18920 6720 1 0
19780 6720 1 0
20640 6720 1 0
21500 6720 1 0
22360 6720 1 0
23220 6720 1 0
24080 6720 1 0
24940 6720 1 0
25800 6720 1 0
26660 6720 1 0
27520 6720 1 0
28380 6720 1 0
29240 6720 1 0
30100 6720 1 0
30960 6720 1 0
31820 6720 1 0
32680 6720 1 0
33540 6720 1 0
34400 6720 1 0
17200 7560 1 0
18060 7560 1 0
18920 7560 1 0
19780 7560 1 0
20640 7560 1 0
21500 7560 1 0
22360 7560 1 0
23220 7560 1 0
24080 7560 1 0
24940 7560 1 0
25800 7560 1 0
26660 7560 1 0
27520 7560 1 0
28380 7560 1 0
29240 7560 1 0
30100 7560 1 0
30960 7560 1 0
31820 7560 1 0
32680 7560 1 0
33540 7560 1 0
34400 7560 1 0
17200 8400 1 0
18060 8400 1 0
18920 8400 1 0
19780 8400 1 0
20640 8400 1 0
21500 8400 1 0
22360 8400 1 0
23220 8400 1 0
24080 8400 1 0
24940 8400 1 0
25800 8400 1 0
26660 8400 1 0
27520 8400 1 0
28380 8400 1 0
29240 8400 1 0
30100 8400 1 0
30960 8400 1 0
31820 8400 1 0
32680 8400 1 0
33540 8400 1 0
34400 8400 1 0
17200 9240 1 0
18060 9240 1 0
18920 9240 1 0
19780 9240 1 0
20640 9240 1 0
21500 9240 1 0
22360 9240 1 0
23220 9240 1 0
24080 9240 1 0
24940 9240 1 0
25800 9240 1 0
26660 9240 1 0
27520 9240 1 0
28380 9240 1 0
29240 9240 1 0
30100 9240 1 0
30960 9240 1 0
31820 9240 1 0
32680 9240 1 0
33540 9240 1 0
34400 9240 1 0
17200 10080 1 0
18060 10080 1 0
18920 10080 1 0
19780 10080 1 0
20640 10080 1 0
21500 10080 1 0
22360 10080 1 0
23220 10080 1 0
24080 10080 1 0
24940 10080 1 0
25800 10080 1 0
26660 10080 1 0
27520 10080 1 0
28380 10080 1 0
29240 10080 1 0
30100 10080 1 0
30960 10080 1 0
31820 10080 1 0
32680 10080 1 0
33540 10080 1 0
34400 10080 1 0
17200 10920 1 0
18060 10920 1 0
18920 10920 1 0
19780 10920 1 0
20640 10920 1 0
21500 10920 1 0
22360 10920 1 0
23220 10920 1 0
24080 10920 1 0
24940 10920 1 0
25800 10920 1 0
26660 10920 1 0
27520 10920 1 0
28380 10920 1 0
29240 10920 1 0
30100 10920 1 0
30960 10920 1 0
31820 10920 1 0
32680 10920 1 0
33540 10920 1 0
34400 10920 1 0
17200 11760 1 0
18060 11760 1 0
18920 11760 1 0
19780 11760 1 0
20640 11760 1 0
21500 11760 1 0
22360 11760 1 0
23220 11760 1 0
24080 11760 1 0
24940 11760 1 0
25800 11760 1 0
26660 11760 1 0
27520 11760 1 0
28380 11760 1 0
29240 11760 1 0
30100 11760 1 0
30960 11760 1 0
31820 11760 1 0
32680 11760 1 0
33540 11760 1 0
34400 11760 1 0
17200 12600 1 0
18060 12600 1 0
18920 12600 1 0
19780 12600 1 0
20640 12600 1 0
21500 12600 1 0
22360 12600 1 0
23220 12600 1 0
24080 12600 1 0
24940 12600 1 0
25800 12600 1 0
26660 12600 1 0
27520 12600 1 0
34400 12600 1 0
17200 13440 1 0
18060 13440 1 0
18920 13440 1 0
19780 13440 1 0
20640 13440 1 0
21500 13440 1 0
22360 13440 1 0
23220 13440 1 0
24080 13440 1 0
24940 13440 1 0
25800 13440 1 0
26660 13440 1 0
27520 13440 1 0
28380 13440 1 0
33540 13440 1 0
34400 13440 1 0
17200 14280 1 0
18060 14280 1 0
18920 14280 1 0
19780 14280 1 0
20640 14280 1 0
21500 14280 1 0
22360 14280 1 0
23220 14280 1 0
24080 14280 1 0
24940 14280 1 0
25800 14280 1 0
26660 14280 1 0
27520 14280 1 0
28380 14280 1 0
29240 14280 1 0
30100 14280 1 0
17200 15120 1 0
18060 15120 1 0
18920 15120 1 0
19780 15120 1 0
20640 15120 1 0
21500 15120 1 0
22360 15120 1 0
23220 15120 1 0
24080 15120 1 0
24940 15120 1 0
25800 15120 1 0
26660 15120 1 0
27520 15120 1 0
28380 15120 1 0
29240 15120 1 0
30100 15120 1 0
30960 15120 1 0
31820 15120 1 0
32680 15120 1 0
33540 15120 1 0
34400 15120 1 0
17200 15960 1 0
18060 15960 1 0
18920 15960 1 0
19780 15960 1 0
20640 15960 1 0
21500 15960 1 0
22360 15960 1 0
23220 15960 1 0
24080 15960 1 0
24940 15960 1 0
25800 15960 1 0
26660 15960 1 0
27520 15960 1 0
28380 15960 1 0
29240 15960 1 0
30100 15960 1 0
30960 15960 1 0
31820 15960 1 0
32680 15960 1 0
33540 15960 1 0
34400 15960 1 0
17200 16800 1 0
18060 16800 1 0
18920 16800 1 0
19780 16800 1 0
20640 16800 1 0
21500 16800 1 0
22360 16800 1 0
23220 16800 1 0
24080 16800 1 0
24940 16800 1 0
25800 16800 1 0
26660 16800 1 0
27520 16800 1 0
28380 16800 1 0
29240 16800 1 0
30100 16800 1 0
30960 16800 1 0
31820 16800 1 0
32680 16800 1 0
33540 16800 1 0
34400 16800 1 0
86000 0 1 0
86860 0 1 0
87720 0 1 0
88580 0 1 0
89440 0 1 0
90300 0 1 0
91160 0 1 0
92020 0 1 0
92880 0 1 0
93740 0 1 0
94600 0 1 0
95460 0 1 0
96320 0 1 0
97180 0 1 0
98040 0 1 0
98900 0 1 0
99760 0 1 0
100620 0 1 0
101480 0 1 0
102340 0 1 0
103200 0 1 0
86000 840 1 0
86860 840 1 0
87720 840 1 0
88580 840 1 0
89440 840 1 0
90300 840 1 0
91160 840 1 0
92020 840 1 0
92880 840 1 0
93740 840 1 0
94600 840 1 0
95460 840 1 0
96320 840 1 0
97180 840 1 0
98040 840 1 0
98900 840 1 0
99760 840 1 0
100620 840 1 0
101480 840 1 0
102340 840 1 0
103200 840 1 0
86000 1680 1 0
86860 1680 1 0
87720 1680 1 0
88580 1680 1 0
89440 1680 1 0
90300 1680 1 0
91160 1680 1 0
92020 1680 1 0
92880 1680 1 0
93740 1680 1 0
94600 1680 1 0
95460 1680 1 0
96320 1680 1 0
97180 1680 1 0
98040 1680 1 0
98900 1680 1 0
99760 1680 1 0
100620 1680 1 0
101480 1680 1 0
102340 1680 1 0
103200 1680 1 0
86000 2520 1 0
86860 2520 1 0
87720 2520 1 0
88580 2520 1 0
89440 2520 1 0
90300 2520 1 0
91160 2520 1 0
92020 2520 1 0
92880 2520 1 0
93740 2520 1 0
94600 2520 1 0
95460 2520 1 0
96320 2520 1 0
97180 2520 1 0
98040 2520 1 0
98900 2520 1 0
99760 2520 1 0
100620 2520 1 0
101480 2520 1 0
102340 2520 1 0
103200 2520 1 0
86000 3360 1 0
86860 3360 1 0
87720 3360 1 0
88580 3360 1 0
89440 3360 1 0
90300 3360 1 0
91160 3360 1 0
92020 3360 1 0
92880 3360 1 0
93740 3360 1 0
94600 3360 1 0
95460 3360 1 0
96320 3360 1 0
97180 3360 1 0
98040 3360 1 0
98900 3360 1 0
99760 3360 1 0
100620 3360 1 0
101480 3360 1 0
102340 3360 1 0
103200 3360 1 0
86000 4200 1 0
86860 4200 1 0
87720 4200 1 0
88580 4200 1 0
89440 4200 1 0
90300 4200 1 0
91160 4200 1 0
92020 4200 1 0
92880 4200 1 0
93740 4200 1 0
94600 4200 1 0
95460 4200 1 0
96320 4200 1 0
97180 4200 1 0
98040 4200 1 0
98900 4200 1 0
99760 4200 1 0
100620 4200 1 0
101480 4200 1 0
102340 4200 1 0
103200 4200 1 0
86000 5040 1 0
86860 5040 1 0
87720 5040 1 0
88580 5040 1 0
89440 5040 1 0
94600 5040 1 0
95460 5040 1 0
96320 5040 1 0
97180 5040 1 0
98040 5040 1 0
98900 5040 1 0
99760 5040 1 0
100620 5040 1 0
101480 5040 1 0
102340 5040 1 0
103200 5040 1 0
86000 5880 1 0
86860 5880 1 0
87720 5880 1 0
88580 5880 1 0
89440 5880 1 0
90300 5880 1 0
95460 5880 1 0
96320 5880 1 0
97180 5880 1 0
98040 5880 1 0
98900 5880 1 0
99760 5880 1 0
100620 5880 1 0
101480 5880 1 0
102340 5880 1 0
103200 5880 1 0
86000 6720 1 0
86860 6720 1 0
87720 6720 1 0
88580 6720 1 0
89440 6720 1 0
90300 6720 1 0
91160 6720 1 0
92020 6720 1 0
92880 6720 1 0
93740 6720 1 0
94600 6720 1 0
95460 6720 1 0
96320 6720 1 0
97180 6720 1 0
98040 6720 1 0
98900 6720 1 0
99760 6720 1 0
100620 6720 1 0
101480 6720 1 0
102340 6720 1 0
103200 6720 1 0
86000 7560 1 0
86860 7560 1 0
87720 7560 1 0
88580 7560 1 0
89440 7560 1 0
90300 7560 1 0
91160 7560 1 0
92020 7560 1 0
92880 7560 1 0
93740 7560 1 0
94600 7560 1 0
95460 7560 1 0
96320 7560 1 0
97180 7560 1 0
98040 7560 1 0
98900 7560 1 0
99760 7560 1 0
100620 7560 1 0
101480 7560 1 0
102340 7560 1 0
103200 7560 1 0
86000 8400 1 0
86860 8400 1 0
87720 8400 1 0
88580 8400 1 0
89440 8400 1 0
90300 8400 1 0
91160 8400 1 0
92020 8400 1 0
92880 8400 1 0
93740 8400 1 0
94600 8400 1 0
95460 8400 1 0
96320 8400 1 0
97180 8400 1 0
98040 8400 1 0
98900 8400 1 0
99760 8400 1 0
100620 8400 1 0
101480 8400 1 0
102340 8400 1 0
103200 8400 1 0
86000 9240 1 0
86860 9240 1 0
87720 9240 1 0
88580 9240 1 0
89440 9240 1 0
90300 9240 1 0
91160 9240 1 0
92020 9240 1 0
92880 9240 1 0
93740 9240 1 0
94600 9240 1 0
95460 9240 1 0
96320 9240 1 0
97180 9240 1 0
98040 9240 1 0
98900 9240 1 0
99760 9240 1 0
100620 9240 1 0
101480 9240 1 0
102340 9240 1 0
103200 9240 1 0
86000 10080 1 0
86860 10080 1 0
87720 10080 1 0
88580 10080 1 0
89440 10080 1 0
90300 10080 1 0
91160 10080 1 0
92020 10080 1 0
92880 10080 1 0
93740 10080 1 0
94600 10080 1 0
95460 10080 1 0
96320 10080 1 0
97180 10080 1 0
98040 10080 1 0
98900 10080 1 0
99760 10080 1 0
100620 10080 1 0
101480 10080 1 0
102340 10080 1 0
103200 10080 1 0
86000 10920 1 0
86860 10920 1 0
87720 10920 1 0
88580 10920 1 0
89440 10920 1 0
90300 10920 1 0
91160 10920 1 0
92020 10920 1 0
92880 10920 1 0
93740 10920 1 0
94600 10920 1 0
95460 10920 1 0
96320 10920 1 0
97180 10920 1 0
98040 10920 1 0
98900 10920 1 0
99760 10920 1 0
100620 10920 1 0
101480 10920 1 0
102340 10920 1 0
103200 10920 1 0
86000 11760 1 0
86860 11760 1 0
87720 11760 1 0
88580 11760 1 0
89440 11760 1 0
90300 11760 1 0
91160 11760 1 0
92020 11760 1 0
92880 11760 1 0
93740 11760 1 0
94600 11760 1 0
95460 11760 1 0
96320 11760 1 0
97180 11760 1 0
98040 11760 1 0
98900 11760 1 0
99760 11760 1 0
100620 11760 1 0
101480 11760 1 0
102340 11760 1 0
103200 11760 1 0
86000 12600 1 0
86860 12600 1 0
87720 12600 1 0
88580 12600 1 0
89440 12600 1 0
96320 12600 1 0
97180 12600 1 0
98040 12600 1 0
98900 12600 1 0
99760 12600 1 0
100620 12600 1 0
101480 12600 1 0
102340 12600 1 0
103200 12600 1 0
86000 13440 1 0
86860 13440 1 0
87720 13440 1 0
88580 13440 1 0
89440 13440 1 0
90300 13440 1 0
95460 13440 1 0
96320 13440 1 0
97180 13440 1 0
98040 13440 1 0
98900 13440 1 0
99760 13440 1 0
100620 13440 1 0
101480 13440 1 0
102340 13440 1 0
103200 13440 1 0
86000 14280 1 0
86860 14280 1 0
87720 14280 1 0
88580 14280 1 0
93740 14280 1 0
94600 14280 1 0
95460 14280 1 0
96320 14280 1 0
97180 14280 1 0
98040 14280 1 0
98900 14280 1 0
99760 14280 1 0
100620 14280 1 0
101480 14280 1 0
102340 14280 1 0
103200 14280 1 0
86000 15120 1 0
86860 15120 1 0
87720 15120 1 0
88580 15120 1 0
89440 15120 1 0
90300 15120 1 0
91160 15120 1 0
92020 15120 1 0
92880 15120 1 0
93740 15120 1 0
94600 15120 1 0
95460 15120 1 0
96320 15120 1 0
97180 15120 1 0
98040 15120 1 0
98900 15120 1 0
99760 15120 1 0
100620 15120 1 0
101480 15120 1 0
102340 15120 1 0
103200 15120 1 0
86000 15960 1 0
86860 15960 1 0
87720 15960 1 0
88580 15960 1 0
89440 15960 1 0
90300 15960 1 0
91160 15960 1 0
92020 15960 1 0
92880 15960 1 0
93740 15960 1 0
94600 15960 1 0
95460 15960 1 0
96320 15960 1 0
97180 15960 1 0
98040 15960 1 0
98900 15960 1 0
99760 15960 1 0
100620 15960 1 0
101480 15960 1 0
102340 15960 1 0
103200 15960 1 0
86000 16800 1 0
86860 16800 1 0
87720 16800 1 0
88580 16800 1 0
89440 16800 1 0
90300 16800 1 0
91160 16800 1 0
92020 16800 1 0
92880 16800 1 0
93740 16800 1 0
94600 16800 1 0
95460 16800 1 0
96320 16800 1 0
97180 16800 1 0
98040 16800 1 0
98900 16800 1 0
99760 16800 1 0
100620 16800 1 0
101480 16800 1 0
102340 16800 1 0
103200 16800 1 0
17200 16800 1 0
18060 16800 1 0
18920 16800 1 0
19780 16800 1 0
20640 16800 1 0
21500 16800 1 0
22360 16800 1 0
23220 16800 1 0
24080 16800 1 0
24940 16800 1 0
25800 16800 1 0
26660 16800 1 0
27520 16800 1 0
28380 16800 1 0
29240 16800 1 0
30100 16800 1 0
30960 16800 1 0
31820 16800 1 0
32680 16800 1 0
33540 16800 1 0
34400 16800 1 0
17200 17640 1 0
18060 17640 1 0
18920 17640 1 0
19780 17640 1 0
20640 17640 1 0
21500 17640 1 0
22360 17640 1 0
23220 17640 1 0
24080 17640 1 0
24940 17640 1 0
25800 17640 1 0
26660 17640 1 0
27520 17640 1 0
28380 17640 1 0
29240 17640 1 0
30100 17640 1 0
30960 17640 1 0
31820 17640 1 0
32680 17640 1 0
33540 17640 1 0
34400 17640 1 0
17200 18480 1 0
18060 18480 1 0
18920 18480 1 0
19780 18480 1 0
20640 18480 1 0
21500 18480 1 0
22360 18480 1 0
23220 18480 1 0
24080 18480 1 0
24940 18480 1 0
25800 18480 1 0
26660 18480 1 0
27520 18480 1 0
28380 18480 1 0
29240 18480 1 0
30100 18480 1 0
30960 18480 1 0
31820 18480 1 0
32680 18480 1 0
33540 18480 1 0
34400 18480 1 0
17200 19320 1 0
18060 19320 1 0
18920 19320 1 0
19780 19320 1 0
20640 19320 1 0
21500 19320 1 0
22360 19320 1 0
23220 19320 1 0
24080 19320 1 0
24940 19320 1 0
25800 19320 1 0
26660 19320 1 0
27520 19320 1 0
28380 19320 1 0
29240 19320 1 0
30100 19320 1 0
30960 19320 1 0
31820 19320 1 0
32680 19320 1 0
33540 19320 1 0
34400 19320 1 0
17200 20160 1 0
18060 20160 1 0
18920 20160 1 0
19780 20160 1 0
20640 20160 1 0
21500 20160 1 0
22360 20160 1 0
23220 20160 1 0
24080 20160 1 0
24940 20160 1 0
25800 20160 1 0
26660 20160 1 0
27520 20160 1 0
28380 20160 1 0
33540 20160 1 0
34400 20160 1 0
17200 21840 1 0
18060 21840 1 0
18920 21840 1 0
19780 21840 1 0
20640 21840 1 0
21500 21840 1 0
22360 21840 1 0
23220 21840 1 0
24080 21840 1 0
24940 21840 1 0
25800 21840 1 0
26660 21840 1 0
27520 21840 1 0
28380 21840 1 0
29240 21840 1 0
30100 21840 1 0
30960 21840 1 0
31820 21840 1 0
32680 21840 1 0
33540 21840 1 0
34400 21840 1 0
17200 22680 1 0
18060 22680 1 0
18920 22680 1 0
19780 22680 1 0
20640 22680 1 0
21500 22680 1 0
22360 22680 1 0
23220 22680 1 0
24080 22680 1 0
24940 22680 1 0
25800 22680 1 0
26660 22680 1 0
27520 22680 1 0
28380 22680 1 0
29240 22680 1 0
30100 22680 1 0
30960 22680 1 0
31820 22680 1 0
32680 22680 1 0
33540 22680 1 0
34400 22680 1 0
17200 23520 1 0
18060 23520 1 0
18920 23520 1 0
19780 23520 1 0
20640 23520 1 0
21500 23520 1 0
22360 23520 1 0
23220 23520 1 0
24080 23520 1 0
24940 23520 1 0
25800 23520 1 0
26660 23520 1 0
27520 23520 1 0
28380 23520 1 0
29240 23520 1 0
30100 23520 1 0
30960 23520 1 0
31820 23520 1 0
32680 23520 1 0
33540 23520 1 0
34400 23520 1 0
17200 24360 1 0
18060 24360 1 0
18920 24360 1 0
19780 24360 1 0
20640 24360 1 0
21500 24360 1 0
22360 24360 1 0
23220 24360 1 0
24080 24360 1 0
24940 24360 1 0
25800 24360 1 0
26660 24360 1 0
27520 24360 1 0
28380 24360 1 0
29240 24360 1 0
30100 24360 1 0
30960 24360 1 0
31820 24360 1 0
32680 24360 1 0
33540 24360 1 0
34400 24360 1 0
17200 25200 1 0
18060 25200 1 0
18920 25200 1 0
19780 25200 1 0
20640 25200 1 0
21500 25200 1 0
22360 25200 1 0
23220 25200 1 0
24080 25200 1 0
24940 25200 1 0
25800 25200 1 0
26660 25200 1 0
27520 25200 1 0
28380 25200 1 0
29240 25200 1 0
30100 25200 1 0
30960 25200 1 0
31820 25200 1 0
32680 25200 1 0
33540 25200 1 0
34400 25200 1 0
17200 26040 1 0
18060 26040 1 0
18920 26040 1 0
19780 26040 1 0
20640 26040 1 0
21500 26040 1 0
22360 26040 1 0
23220 26040 1 0
24080 26040 1 0
24940 26040 1 0
25800 26040 1 0
26660 26040 1 0
27520 26040 1 0
28380 26040 1 0
29240 26040 1 0
30100 26040 1 0
30960 26040 1 0
31820 26040 1 0
32680 26040 1 0
33540 26040 1 0
34400 26040 1 0
17200 26880 1 0
18060 26880 1 0
18920 26880 1 0
19780 26880 1 0
20640 26880 1 0
21500 26880 1 0
22360 26880 1 0
23220 26880 1 0
24080 26880 1 0
24940 26880 1 0
25800 26880 1 0
26660 26880 1 0
27520 26880 1 0
28380 26880 1 0
29240 26880 1 0
30100 26880 1 0
30960 26880 1 0
31820 26880 1 0
32680 26880 1 0
33540 26880 1 0
34400 26880 1 0
17200 27720 1 0
18060 27720 1 0
18920 27720 1 0
19780 27720 1 0
20640 27720 1 0
21500 27720 1 0
22360 27720 1 0
23220 27720 1 0
24080 27720 1 0
24940 27720 1 0
25800 27720 1 0
26660 27720 1 0
27520 27720 1 0
17200 28560 1 0
18060 28560 1 0
18920 28560 1 0
19780 28560 1 0
20640 28560 1 0
21500 28560 1 0
22360 28560 1 0
23220 28560 1 0
24080 28560 1 0
24940 28560 1 0
25800 28560 1 0
26660 28560 1 0
27520 28560 1 0
28380 28560 1 0
33540 28560 1 0
34400 28560 1 0
27520 29400 1 0
28380 29400 1 0
29240 29400 1 0
30100 29400 1 0
17200 30240 1 0
18060 30240 1 0
18920 30240 1 0
19780 30240 1 0
20640 30240 1 0
21500 30240 1 0
22360 30240 1 0
23220 30240 1 0
24080 30240 1 0
24940 30240 1 0
25800 30240 1 0
26660 30240 1 0
27520 30240 1 0
28380 30240 1 0
29240 30240 1 0
30100 30240 1 0
30960 30240 1 0
31820 30240 1 0
32680 30240 1 0
33540 30240 1 0
34400 30240 1 0
27520 31080 1 0
28380 31080 1 0
29240 31080 1 0
30100 31080 1 0
17200 31920 1 0
18060 31920 1 0
18920 31920 1 0
19780 31920 1 0
20640 31920 1 0
21500 31920 1 0
22360 31920 1 0
23220 31920 1 0
24080 31920 1 0
24940 31920 1 0
25800 31920 1 0
26660 31920 1 0
27520 31920 1 0
28380 31920 1 0
33540 31920 1 0
34400 31920 1 0
17200 32760 1 0
18060 32760 1 0
18920 32760 1 0
19780 32760 1 0
20640 32760 1 0
21500 32760 1 0
22360 32760 1 0
23220 32760 1 0
24080 32760 1 0
24940 32760 1 0
25800 32760 1 0
26660 32760 1 0
27520 32760 1 0
17200 33600 1 0
18060 33600 1 0
18920 33600 1 0
19780 33600 1 0
20640 33600 1 0
21500 33600 1 0
22360 33600 1 0
23220 33600 1 0
24080 33600 1 0
24940 33600 1 0
25800 33600 1 0
26660 33600 1 0
27520 33600 1 0
28380 33600 1 0
29240 33600 1 0
30100 33600 1 0
30960 33600 1 0
31820 33600 1 0
32680 33600 1 0
33540 33600 1 0
34400 33600 1 0
86000 16800 1 0
86860 16800 1 0
87720 16800 1 0
88580 16800 1 0
89440 16800 1 0
90300 16800 1 0
91160 16800 1 0
92020 16800 1 0
92880 16800 1 0
93740 16800 1 0
94600 16800 1 0
95460 16800 1 0
96320 16800 1 0
97180 16800 1 0
98040 16800 1 0
98900 16800 1 0
99760 16800 1 0
100620 16800 1 0
101480 16800 1 0
102340 16800 1 0
103200 16800 1 0
86000 17640 1 0
86860 17640 1 0
87720 17640 1 0
88580 17640 1 0
89440 17640 1 0
90300 17640 1 0
91160 17640 1 0
92020 17640 1 0
92880 17640 1 0
93740 17640 1 0
94600 17640 1 0
95460 17640 1 0
96320 17640 1 0
97180 17640 1 0
98040 17640 1 0
98900 17640 1 0
99760 17640 1 0
100620 17640 1 0
101480 17640 1 0
102340 17640 1 0
103200 17640 1 0
86000 18480 1 0
86860 18480 1 0
87720 18480 1 0
88580 18480 1 0
89440 18480 1 0
90300 18480 1 0
91160 18480 1 0
92020 18480 1 0
92880 18480 1 0
93740 18480 1 0
94600 18480 1 0
95460 18480 1 0
96320 18480 1 0
97180 18480 1 0
98040 18480 1 0
98900 18480 1 0
99760 18480 1 0
100620 18480 1 0
101480 18480 1 0
102340 18480 1 0
103200 18480 1 0
86000 19320 1 0
86860 19320 1 0
87720 19320 1 0
88580 19320 1 0
89440 19320 1 0
90300 19320 1 0
91160 19320 1 0
92020 19320 1 0
92880 19320 1 0
93740 19320 1 0
94600 19320 1 0
95460 19320 1 0
96320 19320 1 0
97180 19320 1 0
98040 19320 1 0
98900 19320 1 0
99760 19320 1 0
100620 19320 1 0
101480 19320 1 0
102340 19320 1 0
103200 19320 1 0
86000 20160 1 0
86860 20160 1 0
87720 20160 1 0
88580 20160 1 0
89440 20160 1 0
90300 20160 1 0
95460 20160 1 0
96320 20160 1 0
97180 20160 1 0
98040 20160 1 0
98900 20160 1 0
99760 20160 1 0
100620 20160 1 0
101480 20160 1 0
102340 20160 1 0
103200 20160 1 0
86000 21840 1 0
86860 21840 1 0
87720 21840 1 0
88580 21840 1 0
89440 21840 1 0
90300 21840 1 0
91160 21840 1 0
92020 21840 1 0
92880 21840 1 0
93740 21840 1 0
94600 21840 1 0
95460 21840 1 0
96320 21840 1 0
97180 21840 1 0
98040 21840 1 0
98900 21840 1 0
99760 21840 1 0
100620 21840 1 0
101480 21840 1 0
102340 21840 1 0
103200 21840 1 0
86000 22680 1 0
86860 22680 1 0
87720 22680 1 0
88580 22680 1 0
89440 22680 1 0
90300 22680 1 0
91160 22680 1 0
92020 22680 1 0
92880 22680 1 0
93740 22680 1 0
94600 22680 1 0
95460 22680 1 0
96320 22680 1 0
97180 22680 1 0
98040 22680 1 0
98900 22680 1 0
99760 22680 1 0
100620 22680 1 0
101480 22680 1 0
102340 22680 1 0
103200 22680 1 0
86000 23520 1 0
86860 23520 1 0
87720 23520 1 0
88580 23520 1 0
89440 23520 1 0
90300 23520 1 0
91160 23520 1 0
92020 23520 1 0
92880 23520 1 0
93740 23520 1 0
94600 23520 1 0
95460 23520 1 0
96320 23520 1 0
97180 23520 1 0
98040 23520 1 0
98900 23520 1 0
99760 23520 1 0
100620 23520 1 0
101480 23520 1 0
102340 23520 1 0
103200 23520 1 0
86000 24360 1 0
86860 24360 1 0
87720 24360 1 0
88580 24360 1 0
89440 24360 1 0
90300 24360 1 0
91160 24360 1 0
92020 24360 1 0
92880 24360 1 0
93740 24360 1 0
94600 24360 1 0
95460 24360 1 0
96320 24360 1 0
97180 24360 1 0
98040 24360 1 0
98900 24360 1 0
99760 24360 1 0
100620 24360 1 0
101480 24360 1 0
102340 24360 1 0
103200 24360 1 0
86000 25200 1 0
86860 25200 1 0
87720 25200 1 0
88580 25200 1 0
89440 25200 1 0
90300 25200 1 0
91160 25200 1 0
92020 25200 1 0
92880 25200 1 0
93740 25200 1 0
94600 25200 1 0
95460 25200 1 0
96320 25200 1 0
97180 25200 1 0
98040 25200 1 0
98900 25200 1 0
99760 25200 1 0
100620 25200 1 0
101480 25200 1 0
102340 25200 1 0
103200 25200 1 0
86000 26040 1 0
86860 26040 1 0
87720 26040 1 0
88580 26040 1 0
89440 26040 1 0
90300 26040 1 0
91160 26040 1 0
92020 26040 1 0
92880 26040 1 0
93740 26040 1 0
94600 26040 1 0
95460 26040 1 0
96320 26040 1 0
97180 26040 1 0
98040 26040 1 0
98900 26040 1 0
99760 26040 1 0
100620 26040 1 0
101480 26040 1 0
102340 26040 1 0
103200 26040 1 0
86000 26880 1 0
86860 26880 1 0
87720 26880 1 0
88580 26880 1 0
89440 26880 1 0
90300 26880 1 0
91160 26880 1 0
92020 26880 1 0
92880 26880 1 0
93740 26880 1 0
94600 26880 1 0
95460 26880 1 0
96320 26880 1 0
97180 26880 1 0
98040 26880 1 0
98900 26880 1 0
99760 26880 1 0
100620 26880 1 0
101480 26880 1 0
102340 26880 1 0
103200 26880 1 0
96320 27720 1 0
97180 27720 1 0
98040 27720 1 0
98900 27720 1 0
99760 27720 1 0
100620 27720 1 0
101480 27720 1 0
102340 27720 1 0
103200 27720 1 0
86000 28560 1 0
86860 28560 1 0
87720 28560 1 0
88580 28560 1 0
89440 28560 1 0
90300 28560 1 0
95460 28560 1 0
96320 28560 1 0
97180 28560 1 0
98040 28560 1 0
98900 28560 1 0
99760 28560 1 0
100620 28560 1 0
101480 28560 1 0
102340 28560 1 0
103200 28560 1 0
93740 29400 1 0
94600 29400 1 0
95460 29400 1 0
96320 29400 1 0
86000 30240 1 0
86860 30240 1 0
87720 30240 1 0
88580 30240 1 0
89440 30240 1 0
90300 30240 1 0
91160 30240 1 0
92020 30240 1 0
92880 30240 1 0
93740 30240 1 0
94600 30240 1 0
95460 30240 1 0
96320 30240 1 0
97180 30240 1 0
98040 30240 1 0
98900 30240 1 0
99760 30240 1 0
100620 30240 1 0
101480 30240 1 0
102340 30240 1 0
103200 30240 1 0
93740 31080 1 0
94600 31080 1 0
95460 31080 1 0
96320 31080 1 0
86000 31920 1 0
86860 31920 1 0
87720 31920 1 0
88580 31920 1 0
89440 31920 1 0
90300 31920 1 0
95460 31920 1 0
96320 31920 1 0
97180 31920 1 0
98040 31920 1 0
98900 31920 1 0
99760 31920 1 0
100620 31920 1 0
101480 31920 1 0
102340 31920 1 0
103200 31920 1 0
86000 32760 1 0
86860 32760 1 0
87720 32760 1 0
88580 32760 1 0
89440 32760 1 0
96320 32760 1 0
97180 32760 1 0
98040 32760 1 0
98900 32760 1 0
99760 32760 1 0
100620 32760 1 0
101480 32760 1 0
102340 32760 1 0
103200 32760 1 0
86000 33600 1 0
86860 33600 1 0
87720 33600 1 0
88580 33600 1 0
89440 33600 1 0
90300 33600 1 0
91160 33600 1 0
92020 33600 1 0
92880 33600 1 0
93740 33600 1 0
94600 33600 1 0
95460 33600 1 0
96320 33600 1 0
97180 33600 1 0
98040 33600 1 0
98900 33600 1 0
99760 33600 1 0
100620 33600 1 0
101480 33600 1 0
102340 33600 1 0
103200 33600 1 0
17200 0 2 0
17200 840 2 0
17200 1680 2 0
17200 2520 2 0
17200 3360 2 0
17200 4200 2 0
17200 5040 2 0
17200 5880 2 0
17200 6720 2 0
17200 7560 2 0
17200 8400 2 0
17200 9240 2 0
17200 10080 2 0
17200 10920 2 0
17200 11760 2 0
17200 12600 2 0
17200 13440 2 0
17200 14280 2 0
17200 15120 2 0
17200 15960 2 0
17200 16800 2 0
17200 17640 2 0
17200 18480 2 0
17200 19320 2 0
17200 20160 2 0
17200 21000 2 0
17200 21840 2 0
17200 22680 2 0
17200 23520 2 0
17200 24360 2 0
17200 25200 2 0
17200 26040 2 0
17200 26880 2 0
17200 27720 2 0
17200 28560 2 0
17200 29400 2 0
17200 30240 2 0
17200 31080 2 0
17200 31920 2 0
17200 32760 2 0
17200 33600 2 0
18060 0 2 0
18060 840 2 0
18060 1680 2 0
18060 2520 2 0
18060 3360 2 0
18060 4200 2 0
18060 5040 2 0
18060 5880 2 0
18060 6720 2 0
18060 7560 2 0
18060 8400 2 0
18060 9240 2 0
18060 10080 2 0
18060 10920 2 0
18060 11760 2 0
18060 12600 2 0
18060 13440 2 0
18060 14280 2 0
18060 15120 2 0
18060 15960 2 0
18060 16800 2 0
18060 17640 2 0
18060 18480 2 0
18060 19320 2 0
18060 20160 2 0
18060 21000 2 0
18060 21840 2 0
18060 22680 2 0
18060 23520 2 0
18060 24360 2 0
18060 25200 2 0
18060 26040 2 0
18060 26880 2 0
18060 27720 2 0
18060 28560 2 0
18060 29400 2 0
18060 30240 2 0
18060 31080 2 0
18060 31920 2 0
18060 32760 2 0
18060 33600 2 0
18920 0 2 0
18920 840 2 0
18920 1680 2 0
18920 2520 2 0
18920 3360 2 0
18920 4200 2 0
18920 5040 2 0
18920 5880 2 0
18920 6720 2 0
18920 7560 2 0
18920 8400 2 0
18920 9240 2 0
18920 10080 2 0
18920 10920 2 0
18920 11760 2 0
18920 12600 2 0
18920 13440 2 0
18920 14280 2 0
18920 15120 2 0
18920 15960 2 0
18920 16800 2 0
18920 17640 2 0
18920 18480 2 0
18920 19320 2 0
18920 20160 2 0
18920 21000 2 0
18920 21840 2 0
18920 22680 2 0
18920 23520 2 0
18920 24360 2 0
18920 25200 2 0
18920 26040 2 0
18920 26880 2 0
18920 27720 2 0
18920 28560 2 0
18920 29400 2 0
18920 30240 2 0
18920 31080 2 0
18920 31920 2 0
18920 32760 2 0
18920 33600 2 0
19780 0 2 0
19780 840 2 0
19780 1680 2 0
19780 2520 2 0
19780 3360 2 0
19780 4200 2 0
19780 5040 2 0
19780 5880 2 0
19780 6720 2 0
19780 7560 2 0
19780 8400 2 0
19780 9240 2 0
19780 10080 2 0
19780 10920 2 0
19780 11760 2 0
19780 12600 2 0
19780 13440 2 0
19780 14280 2 0
19780 15120 2 0
19780 15960 2 0
19780 16800 2 0
19780 17640 2 0
19780 18480 2 0
19780 19320 2 0
19780 20160 2 0
19780 21000 2 0
19780 21840 2 0
19780 22680 2 0
19780 23520 2 0
19780 24360 2 0
19780 25200 2 0
19780 26040 2 0
19780 26880 2 0
19780 27720 2 0
19780 28560 2 0
19780 29400 2 0
19780 30240 2 0
19780 31080 2 0
19780 31920 2 0
19780 32760 2 0
19780 33600 2 0
20640 0 2 0
20640 840 2 0
20640 1680 2 0
20640 2520 2 0
20640 3360 2 0
20640 4200 2 0
20640 5040 2 0
20640 5880 2 0
20640 6720 2 0
20640 7560 2 0
20640 8400 2 0
20640 9240 2 0
20640 10080 2 0
20640 10920 2 0
20640 11760 2 0
20640 12600 2 0
20640 13440 2 0
20640 14280 2 0
20640 15120 2 0
20640 15960 2 0
20640 16800 2 0
20640 17640 2 0
20640 18480 2 0
20640 19320 2 0
20640 20160 2 0
20640 21000 2 0
20640 21840 2 0
20640 22680 2 0
20640 23520 2 0
20640 24360 2 0
20640 25200 2 0
20640 26040 2 0
20640 26880 2 0
20640 27720 2 0
20640 28560 2 0
20640 29400 2 0
20640 30240 2 0
20640 31080 2 0
20640 31920 2 0
20640 32760 2 0
20640 33600 2 0
21500 0 2 0
21500 840 2 0
21500 1680 2 0
21500 2520 2 0
21500 3360 2 0
21500 4200 2 0
21500 5040 2 0
21500 5880 2 0
21500 6720 2 0
21500 7560 2 0
21500 8400 2 0
21500 9240 2 0
21500 10080 2 0
21500 10920 2 0
21500 11760 2 0
21500 12600 2 0
21500 13440 2 0
21500 14280 2 0
21500 15120 2 0
21500 15960 2 0
21500 16800 2 0
21500 17640 2 0
21500 18480 2 0
21500 19320 2 0
21500 20160 2 0
21500 21000 2 0
21500 21840 2 0
21500 22680 2 0
21500 23520 2 0
21500 24360 2 0
21500 25200 2 0
21500 26040 2 0
21500 26880 2 0
21500 27720 2 0
21500 28560 2 0
21500 29400 2 0
21500 30240 2 0
21500 31080 2 0
21500 31920 2 0
21500 32760 2 0
21500 33600 2 0
22360 0 2 0
22360 840 2 0
22360 1680 2 0
22360 2520 2 0
22360 3360 2 0
22360 4200 2 0
22360 5040 2 0
22360 5880 2 0
22360 6720 2 0
22360 7560 2 0
22360 8400 2 0
22360 9240 2 0
22360 10080 2 0
22360 10920 2 0
22360 11760 2 0
22360 12600 2 0
22360 13440 2 0
22360 14280 2 0
22360 15120 2 0
22360 15960 2 0
22360 16800 2 0
22360 17640 2 0
22360 18480 2 0
22360 19320 2 0
22360 20160 2 0
22360 21000 2 0
22360 21840 2 0
22360 22680 2 0
22360 23520 2 0
22360 24360 2 0
22360 25200 2 0
22360 26040 2 0
22360 26880 2 0
22360 27720 2 0
22360 28560 2 0
22360 29400 2 0
22360 30240 2 0
22360 31080 2 0
22360 31920 2 0
22360 32760 2 0
22360 33600 2 0
23220 0 2 0
23220 840 2 0
23220 1680 2 0
23220 2520 2 0
23220 3360 2 0
23220 4200 2 0
23220 5040 2 0
23220 5880 2 0
23220 6720 2 0
23220 7560 2 0
23220 8400 2 0
23220 9240 2 0
23220 10080 2 0
23220 10920 2 0
23220 11760 2 0
23220 12600 2 0
23220 13440 2 0
23220 14280 2 0
23220 15120 2 0
23220 15960 2 0
23220 16800 2 0
23220 17640 2 0
23220 18480 2 0
23220 19320 2 0
23220 20160 2 0
23220 21000 2 0
23220 21840 2 0
23220 22680 2 0
23220 23520 2 0
23220 24360 2 0
23220 25200 2 0
23220 26040 2 0
23220 26880 2 0
23220 27720 2 0
23220 28560 2 0
23220 29400 2 0
23220 30240 2 0
23220 31080 2 0
23220 31920 2 0
23220 32760 2 0
23220 33600 2 0
24080 0 2 0
24080 840 2 0
24080 1680 2 0
24080 2520 2 0
24080 3360 2 0
24080 4200 2 0
24080 5040 2 0
24080 5880 2 0
24080 6720 2 0
24080 7560 2 0
24080 8400 2 0
24080 9240 2 0
24080 10080 2 0
24080 10920 2 0
24080 11760 2 0
24080 12600 2 0
24080 13440 2 0
24080 14280 2 0
24080 15120 2 0
24080 15960 2 0
24080 16800 2 0
24080 17640 2 0
24080 18480 2 0
24080 19320 2 0
24080 20160 2 0
24080 21000 2 0
24080 21840 2 0
24080 22680 2 0
24080 23520 2 0
24080 24360 2 0
24080 25200 2 0
24080 26040 2 0
24080 26880 2 0
24080 27720 2 0
24080 28560 2 0
24080 29400 2 0
24080 30240 2 0
24080 31080 2 0
24080 31920 2 0
24080 32760 2 0
24080 33600 2 0
24940 0 2 0
24940 840 2 0
24940 1680 2 0
24940 2520 2 0
24940 3360 2 0
24940 4200 2 0
24940 5040 2 0
24940 5880 2 0
24940 6720 2 0
24940 7560 2 0
24940 8400 2 0
24940 9240 2 0
24940 10080 2 0
24940 10920 2 0
24940 11760 2 0
24940 12600 2 0
24940 13440 2 0
24940 14280 2 0
24940 15120 2 0
24940 15960 2 0
24940 16800 2 0
24940 17640 2 0
24940 18480 2 0
24940 19320 2 0
24940 20160 2 0
24940 21000 2 0
24940 21840 2 0
24940 22680 2 0
24940 23520 2 0
24940 24360 2 0
24940 25200 2 0
24940 26040 2 0
24940 26880 2 0
24940 27720 2 0
24940 28560 2 0
24940 29400 2 0
24940 30240 2 0
24940 31080 2 0
24940 31920 2 0
24940 32760 2 0
24940 33600 2 0
25800 0 2 0
25800 840 2 0
25800 1680 2 0
25800 2520 2 0
25800 3360 2 0
25800 4200 2 0
25800 5040 2 0
25800 5880 2 0
25800 6720 2 0
25800 7560 2 0
25800 8400 2 0
25800 9240 2 0
25800 10080 2 0
25800 10920 2 0
25800 11760 2 0
25800 12600 2 0
25800 13440 2 0
25800 14280 2 0
25800 15120 2 0
25800 15960 2 0
25800 16800 2 0
25800 17640 2 0
25800 18480 2 0
25800 19320 2 0
25800 20160 2 0
25800 21000 2 0
25800 21840 2 0
25800 22680 2 0
25800 23520 2 0
25800 24360 2 0
25800 25200 2 0
25800 26040 2 0
25800 26880 2 0
25800 27720 2 0
25800 28560 2 0
25800 29400 2 0
25800 30240 2 0
25800 31080 2 0
25800 31920 2 0
25800 32760 2 0
25800 33600 2 0
26660 0 2 0
26660 840 2 0
26660 1680 2 0
26660 2520 2 0
26660 3360 2 0
26660 4200 2 0
26660 5040 2 0
26660 5880 2 0
26660 6720 2 0
26660 7560 2 0
26660 8400 2 0
26660 9240 2 0
26660 10080 2 0
26660 10920 2 0
26660 11760 2 0
26660 12600 2 0
26660 13440 2 0
26660 14280 2 0
26660 15120 2 0
26660 15960 2 0
26660 16800 2 0
26660 17640 2 0
26660 18480 2 0
26660 19320 2 0
26660 20160 2 0
26660 21000 2 0
26660 21840 2 0
26660 22680 2 0
26660 23520 2 0
26660 24360 2 0
26660 25200 2 0
26660 26040 2 0
26660 26880 2 0
26660 27720 2 0
26660 28560 2 0
26660 29400 2 0
26660 30240 2 0
26660 31080 2 0
26660 31920 2 0
26660 32760 2 0
26660 33600 2 0
27520 0 2 0
27520 840 2 0
27520 1680 2 0
27520 2520 2 0
27520 3360 2 0
27520 4200 2 0
27520 5040 2 0
27520 5880 2 0
27520 6720 2 0
27520 7560 2 0
27520 8400 2 0
27520 9240 2 0
27520 10080 2 0
27520 10920 2 0
27520 11760 2 0
27520 12600 2 0
27520 13440 2 0
27520 14280 2 0
27520 15120 2 0
27520 15960 2 0
27520 16800 2 0
27520 17640 2 0
27520 18480 2 0
27520 19320 2 0
27520 20160 2 0
27520 21000 2 0
27520 21840 2 0
27520 22680 2 0
27520 23520 2 0
27520 24360 2 0
27520 25200 2 0
27520 26040 2 0
27520 26880 2 0
27520 27720 2 0
27520 28560 2 0
27520 29400 2 0
27520 30240 2 0
27520 31080 2 0
27520 31920 2 0
27520 32760 2 0
27520 33600 2 0
28380 0 2 0
28380 840 2 0
28380 1680 2 0
28380 2520 2 0
28380 3360 2 0
28380 4200 2 0
28380 5040 2 0
28380 5880 2 0
28380 6720 2 0
28380 7560 2 0
28380 8400 2 0
28380 9240 2 0
28380 10080 2 0
28380 10920 2 0
28380 11760 2 0
28380 12600 2 0
28380 13440 2 0
28380 14280 2 0
28380 15120 2 0
28380 15960 2 0
28380 16800 2 0
28380 17640 2 0
28380 18480 2 0
28380 19320 2 0
28380 20160 2 0
28380 21000 2 0
28380 21840 2 0
28380 22680 2 0
28380 23520 2 0
28380 24360 2 0
28380 25200 2 0
28380 26040 2 0
28380 26880 2 0
28380 27720 2 0
28380 28560 2 0
28380 29400 2 0
28380 30240 2 0
28380 31080 2 0
28380 31920 2 0
28380 32760 2 0
28380 33600 2 0
29240 0 2 0
29240 840 2 0
29240 1680 2 0
29240 2520 2 0
29240 3360 2 0
29240 4200 2 0
29240 5040 2 0
29240 5880 2 0
29240 6720 2 0
29240 7560 2 0
29240 8400 2 0
29240 9240 2 0
29240 10080 2 0
29240 10920 2 0
29240 29400 2 0
29240 30240 2 0
29240 31080 2 0
30100 0 2 0
30100 3360 2 0
30100 4200 2 0
30100 5040 2 0
30100 5880 2 0
30100 6720 2 0
30100 7560 2 0
30100 8400 2 0
30100 9240 2 0
30100 10080 2 0
30100 10920 2 0
30100 11760 2 0
30100 12600 2 0
30100 13440 2 0
30100 14280 2 0
30100 15120 2 0
30100 18480 2 0
30100 22680 2 0
30100 23520 2 0
30100 24360 2 0
30100 25200 2 0
30100 26040 2 0
30100 26880 2 0
30100 27720 2 0
30100 28560 2 0
30100 29400 2 0
30100 30240 2 0
30100 31080 2 0
30100 31920 2 0
30100 32760 2 0
30100 33600 2 0
30960 0 2 0
30960 840 2 0
30960 1680 2 0
30960 2520 2 0
30960 3360 2 0
30960 21840 2 0
30960 22680 2 0
30960 23520 2 0
30960 24360 2 0
30960 25200 2 0
30960 26040 2 0
30960 26880 2 0
30960 33600 2 0
31820 0 2 0
31820 840 2 0
31820 1680 2 0
31820 2520 2 0
31820 3360 2 0
31820 4200 2 0
31820 22680 2 0
31820 23520 2 0
31820 24360 2 0
31820 25200 2 0
31820 26040 2 0
31820 26880 2 0
31820 27720 2 0
31820 28560 2 0
31820 29400 2 0
31820 30240 2 0
31820 31080 2 0
31820 31920 2 0
31820 32760 2 0
31820 33600 2 0
32680 0 2 0
32680 840 2 0
32680 1680 2 0
32680 2520 2 0
32680 3360 2 0
32680 4200 2 0
32680 5040 2 0
32680 5880 2 0
32680 6720 2 0
32680 7560 2 0
32680 8400 2 0
32680 9240 2 0
32680 10080 2 0
32680 10920 2 0
32680 11760 2 0
32680 12600 2 0
32680 13440 2 0
32680 14280 2 0
32680 15120 2 0
32680 15960 2 0
32680 16800 2 0
32680 17640 2 0
32680 18480 2 0
32680 19320 2 0
32680 20160 2 0
32680 21000 2 0
32680 21840 2 0
32680 22680 2 0
32680 23520 2 0
32680 24360 2 0
32680 25200 2 0
32680 26040 2 0
32680 26880 2 0
32680 27720 2 0
32680 32760 2 0
32680 33600 2 0
33540 0 2 0
33540 840 2 0
33540 1680 2 0
33540 2520 2 0
33540 3360 2 0
33540 4200 2 0
33540 5040 2 0
33540 5880 2 0
33540 6720 2 0
33540 7560 2 0
33540 8400 2 0
33540 9240 2 0
33540 10080 2 0
33540 10920 2 0
33540 11760 2 0
33540 12600 2 0
33540 13440 2 0
33540 14280 2 0
33540 15120 2 0
33540 15960 2 0
33540 16800 2 0
33540 17640 2 0
33540 18480 2 0
33540 19320 2 0
33540 20160 2 0
33540 21000 2 0
33540 21840 2 0
33540 22680 2 0
33540 23520 2 0
33540 24360 2 0
33540 25200 2 0
33540 26040 2 0
33540 26880 2 0
33540 27720 2 0
33540 28560 2 0
33540 29400 2 0
33540 30240 2 0
33540 31080 2 0
33540 31920 2 0
33540 32760 2 0
33540 33600 2 0
34400 0 2 0
34400 840 2 0
34400 1680 2 0
34400 2520 2 0
34400 3360 2 0
34400 4200 2 0
34400 5040 2 0
34400 5880 2 0
34400 6720 2 0
34400 7560 2 0
34400 8400 2 0
34400 9240 2 0
34400 10080 2 0
34400 10920 2 0
34400 11760 2 0
34400 12600 2 0
34400 13440 2 0
34400 14280 2 0
34400 15120 2 0
34400 15960 2 0
34400 16800 2 0
34400 17640 2 0
34400 18480 2 0
34400 19320 2 0
34400 20160 2 0
34400 21000 2 0
34400 21840 2 0
34400 22680 2 0
34400 23520 2 0
34400 24360 2 0
34400 25200 2 0
34400 26040 2 0
34400 26880 2 0
34400 27720 2 0
34400 28560 2 0
34400 29400 2 0
34400 30240 2 0
34400 31080 2 0
34400 31920 2 0
34400 32760 2 0
34400 33600 2 0
86000 0 2 0
86000 840 2 0
86000 1680 2 0
86000 2520 2 0
86000 3360 2 0
86000 4200 2 0
86000 5040 2 0
86000 5880 2 0
86000 6720 2 0
86000 7560 2 0
86000 8400 2 0
86000 9240 2 0
86000 10080 2 0
86000 10920 2 0
86000 11760 2 0
86000 12600 2 0
86000 13440 2 0
86000 14280 2 0
86000 15120 2 0
86000 15960 2 0
86000 16800 2 0
86000 17640 2 0
86000 18480 2 0
86000 19320 2 0
86000 20160 2 0
86000 21000 2 0
86000 21840 2 0
86000 22680 2 0
86000 23520 2 0
86000 24360 2 0
86000 25200 2 0
86000 26040 2 0
86000 26880 2 0
86000 27720 2 0
86000 28560 2 0
86000 29400 2 0
86000 30240 2 0
86000 31080 2 0
86000 31920 2 0
86000 32760 2 0
86000 33600 2 0
86860 0 2 0
86860 840 2 0
86860 1680 2 0
86860 2520 2 0
86860 3360 2 0
86860 4200 2 0
86860 5040 2 0
86860 5880 2 0
86860 6720 2 0
86860 7560 2 0
86860 8400 2 0
86860 9240 2 0
86860 10080 2 0
86860 10920 2 0
86860 11760 2 0
86860 12600 2 0
86860 13440 2 0
86860 14280 2 0
86860 15120 2 0
86860 15960 2 0
86860 16800 2 0
86860 17640 2 0
86860 18480 2 0
86860 19320 2 0
86860 20160 2 0
86860 21000 2 0
86860 21840 2 0
86860 22680 2 0
86860 23520 2 0
86860 24360 2 0
86860 25200 2 0
86860 26040 2 0
86860 26880 2 0
86860 27720 2 0
86860 28560 2 0
86860 29400 2 0
86860 30240 2 0
86860 31080 2 0
86860 31920 2 0
86860 32760 2 0
86860 33600 2 0
87720 0 2 0
87720 840 2 0
87720 1680 2 0
87720 2520 2 0
87720 3360 2 0
87720 4200 2 0
87720 5040 2 0
87720 5880 2 0
87720 6720 2 0
87720 7560 2 0
87720 8400 2 0
87720 9240 2 0
87720 10080 2 0
87720 10920 2 0
87720 11760 2 0
87720 12600 2 0
87720 13440 2 0
87720 14280 2 0
87720 15120 2 0
87720 15960 2 0
87720 16800 2 0
87720 17640 2 0
87720 18480 2 0
87720 19320 2 0
87720 20160 2 0
87720 21000 2 0
87720 21840 2 0
87720 22680 2 0
87720 23520 2 0
87720 24360 2 0
87720 25200 2 0
87720 26040 2 0
87720 26880 2 0
87720 27720 2 0
87720 28560 2 0
87720 29400 2 0
87720 30240 2 0
87720 31080 2 0
87720 31920 2 0
87720 32760 2 0
87720 33600 2 0
88580 0 2 0
88580 840 2 0
88580 1680 2 0
88580 2520 2 0
88580 3360 2 0
88580 4200 2 0
88580 5040 2 0
88580 5880 2 0
88580 6720 2 0
88580 7560 2 0
88580 8400 2 0
88580 9240 2 0
88580 10080 2 0
88580 10920 2 0
88580 11760 2 0
88580 12600 2 0
88580 13440 2 0
88580 14280 2 0
88580 15120 2 0
88580 15960 2 0
88580 16800 2 0
88580 17640 2 0
88580 18480 2 0
88580 19320 2 0
88580 20160 2 0
88580 21000 2 0
88580 21840 2 0
88580 22680 2 0
88580 23520 2 0
88580 24360 2 0
88580 25200 2 0
88580 26040 2 0
88580 26880 2 0
88580 27720 2 0
88580 28560 2 0
88580 29400 2 0
88580 30240 2 0
88580 31080 2 0
88580 31920 2 0
88580 32760 2 0
88580 33600 2 0
89440 0 2 0
89440 840 2 0
89440 1680 2 0
89440 2520 2 0
89440 3360 2 0
89440 4200 2 0
89440 5040 2 0
89440 5880 2 0
89440 6720 2 0
89440 7560 2 0
89440 8400 2 0
89440 9240 2 0
89440 10080 2 0
89440 10920 2 0
89440 11760 2 0
89440 12600 2 0
89440 13440 2 0
89440 14280 2 0
89440 15120 2 0
89440 15960 2 0
89440 16800 2 0
89440 17640 2 0
89440 18480 2 0
89440 19320 2 0
89440 20160 2 0
89440 21000 2 0
89440 21840 2 0
89440 22680 2 0
89440 23520 2 0
89440 24360 2 0
89440 25200 2 0
89440 26040 2 0
89440 26880 2 0
89440 27720 2 0
89440 28560 2 0
89440 29400 2 0
89440 30240 2 0
89440 31080 2 0
89440 31920 2 0
89440 32760 2 0
89440 33600 2 0
90300 0 2 0
90300 840 2 0
90300 1680 2 0
90300 2520 2 0
90300 3360 2 0
90300 4200 2 0
90300 5040 2 0
90300 5880 2 0
90300 6720 2 0
90300 7560 2 0
90300 8400 2 0
90300 9240 2 0
90300 10080 2 0
90300 10920 2 0
90300 11760 2 0
90300 12600 2 0
90300 13440 2 0
90300 14280 2 0
90300 15120 2 0
90300 15960 2 0
90300 16800 2 0
90300 17640 2 0
90300 18480 2 0
90300 19320 2 0
90300 20160 2 0
90300 21000 2 0
90300 21840 2 0
90300 22680 2 0
90300 23520 2 0
90300 24360 2 0
90300 25200 2 0
90300 26040 2 0
90300 26880 2 0
90300 27720 2 0
90300 28560 2 0
90300 29400 2 0
90300 30240 2 0
90300 31080 2 0
90300 31920 2 0
90300 32760 2 0
90300 33600 2 0
91160 0 2 0
91160 840 2 0
91160 1680 2 0
91160 2520 2 0
91160 3360 2 0
91160 4200 2 0
91160 5040 2 0
91160 5880 2 0
91160 6720 2 0
91160 7560 2 0
91160 8400 2 0
91160 9240 2 0
91160 10080 2 0
91160 10920 2 0
92020 0 2 0
92020 840 2 0
92020 1680 2 0
92020 2520 2 0
92020 3360 2 0
92020 4200 2 0
92020 22680 2 0
92020 23520 2 0
92020 24360 2 0
92020 25200 2 0
92020 26040 2 0
92020 26880 2 0
92020 27720 2 0
92020 28560 2 0
92020 29400 2 0
92020 30240 2 0
92020 31080 2 0
92020 31920 2 0
92020 32760 2 0
92020 33600 2 0
92880 0 2 0
92880 840 2 0
92880 1680 2 0
92880 2520 2 0
92880 3360 2 0
92880 21840 2 0
92880 22680 2 0
92880 23520 2 0
92880 24360 2 0
92880 25200 2 0
92880 26040 2 0
92880 26880 2 0
92880 33600 2 0
93740 0 2 0
93740 3360 2 0
93740 4200 2 0
93740 5040 2 0
93740 5880 2 0
93740 6720 2 0
93740 7560 2 0
93740 8400 2 0
93740 9240 2 0
93740 10080 2 0
93740 10920 2 0
93740 11760 2 0
93740 12600 2 0
93740 13440 2 0
93740 14280 2 0
93740 15120 2 0
93740 18480 2 0
93740 22680 2 0
93740 23520 2 0
93740 24360 2 0
93740 25200 2 0
93740 26040 2 0
93740 26880 2 0
93740 27720 2 0
93740 28560 2 0
93740 29400 2 0
93740 30240 2 0
93740 31080 2 0
93740 31920 2 0
93740 32760 2 0
93740 33600 2 0
94600 0 2 0
94600 840 2 0
94600 1680 2 0
94600 2520 2 0
94600 3360 2 0
94600 4200 2 0
94600 5040 2 0
94600 5880 2 0
94600 6720 2 0
94600 7560 2 0
94600 8400 2 0
94600 9240 2 0
94600 10080 2 0
94600 10920 2 0
94600 11760 2 0
94600 12600 2 0
94600 13440 2 0
94600 14280 2 0
94600 15120 2 0
94600 15960 2 0
94600 16800 2 0
94600 17640 2 0
94600 18480 2 0
94600 19320 2 0
94600 20160 2 0
94600 21000 2 0
94600 21840 2 0
94600 22680 2 0
94600 23520 2 0
94600 24360 2 0
94600 25200 2 0
94600 26040 2 0
94600 26880 2 0
94600 27720 2 0
94600 28560 2 0
94600 29400 2 0
94600 30240 2 0
94600 31080 2 0
94600 31920 2 0
94600 32760 2 0
94600 33600 2 0
95460 0 2 0
95460 840 2 0
95460 1680 2 0
95460 2520 2 0
95460 3360 2 0
95460 4200 2 0
95460 5040 2 0
95460 5880 2 0
95460 6720 2 0
95460 7560 2 0
95460 8400 2 0
95460 9240 2 0
95460 10080 2 0
95460 10920 2 0
95460 11760 2 0
95460 12600 2 0
95460 13440 2 0
95460 14280 2 0
95460 15120 2 0
95460 15960 2 0
95460 16800 2 0
95460 17640 2 0
95460 18480 2 0
95460 19320 2 0
95460 20160 2 0
95460 21000 2 0
95460 21840 2 0
95460 22680 2 0
95460 23520 2 0
95460 24360 2 0
95460 25200 2 0
95460 26040 2 0
95460 26880 2 0
95460 27720 2 0
95460 28560 2 0
95460 29400 2 0
95460 30240 2 0
95460 31080 2 0
95460 31920 2 0
95460 32760 2 0
95460 33600 2 0
96320 0 2 0
96320 840 2 0
96320 1680 2 0
96320 2520 2 0
96320 3360 2 0
96320 4200 2 0
96320 5040 2 0
96320 5880 2 0
96320 6720 2 0
96320 7560 2 0
96320 8400 2 0
96320 9240 2 0
96320 10080 2 0
96320 10920 2 0
96320 11760 2 0
96320 12600 2 0
96320 13440 2 0
96320 14280 2 0
96320 15120 2 0
96320 15960 2 0
96320 16800 2 0
96320 17640 2 0
96320 18480 2 0
96320 19320 2 0
96320 20160 2 0
96320 21000 2 0
96320 21840 2 0
96320 22680 2 0
96320 23520 2 0
96320 24360 2 0
96320 25200 2 0
96320 26040 2 0
96320 26880 2 0
96320 27720 2 0
96320 28560 2 0
96320 29400 2 0
96320 30240 2 0
96320 31080 2 0
96320 31920 2 0
96320 32760 2 0
96320 33600 2 0
97180 0 2 0
97180 840 2 0
97180 1680 2 0
97180 2520 2 0
97180 3360 2 0
97180 4200 2 0
97180 5040 2 0
97180 5880 2 0
97180 6720 2 0
97180 7560 2 0
97180 8400 2 0
97180 9240 2 0
97180 10080 2 0
97180 10920 2 0
97180 11760 2 0
97180 12600 2 0
97180 13440 2 0
97180 14280 2 0
97180 15120 2 0
97180 15960 2 0
97180 16800 2 0
97180 17640 2 0
97180 18480 2 0
97180 19320 2 0
97180 20160 2 0
97180 21000 2 0
97180 21840 2 0
97180 22680 2 0
97180 23520 2 0
97180 24360 2 0
97180 25200 2 0
97180 26040 2 0
97180 26880 2 0
97180 27720 2 0
97180 28560 2 0
97180 29400 2 0
97180 30240 2 0
97180 31080 2 0
97180 31920 2 0
97180 32760 2 0
97180 33600 2 0
98040 0 2 0
98040 840 2 0
98040 1680 2 0
98040 2520 2 0
98040 3360 2 0
98040 4200 2 0
98040 5040 2 0
98040 5880 2 0
98040 6720 2 0
98040 7560 2 0
98040 8400 2 0
98040 9240 2 0
98040 10080 2 0
98040 10920 2 0
98040 11760 2 0
98040 12600 2 0
98040 13440 2 0
98040 14280 2 0
98040 15120 2 0
98040 15960 2 0
98040 16800 2 0
98040 17640 2 0
98040 18480 2 0
98040 19320 2 0
98040 20160 2 0
98040 21000 2 0
98040 21840 2 0
98040 22680 2 0
98040 23520 2 0
98040 24360 2 0
98040 25200 2 0
98040 26040 2 0
98040 26880 2 0
98040 27720 2 0
98040 28560 2 0
98040 29400 2 0
98040 30240 2 0
98040 31080 2 0
98040 31920 2 0
98040 32760 2 0
98040 33600 2 0
98900 0 2 0
98900 840 2 0
98900 1680 2 0
98900 2520 2 0
98900 3360 2 0
98900 4200 2 0
98900 5040 2 0
98900 5880 2 0
98900 6720 2 0
98900 7560 2 0
98900 8400 2 0
98900 9240 2 0
98900 10080 2 0
98900 10920 2 0
98900 11760 2 0
98900 12600 2 0
98900 13440 2 0
98900 14280 2 0
98900 15120 2 0
98900 15960 2 0
98900 16800 2 0
98900 17640 2 0
98900 18480 2 0
98900 19320 2 0
98900 20160 2 0
98900 21000 2 0
98900 21840 2 0
98900 22680 2 0
98900 23520 2 0
98900 24360 2 0
98900 25200 2 0
98900 26040 2 0
98900 26880 2 0
98900 27720 2 0
98900 28560 2 0
98900 29400 2 0
98900 30240 2 0
98900 31080 2 0
98900 31920 2 0
98900 32760 2 0
98900 33600 2 0
99760 0 2 0
99760 840 2 0
99760 1680 2 0
99760 2520 2 0
99760 3360 2 0
99760 4200 2 0
99760 5040 2 0
99760 5880 2 0
99760 6720 2 0
99760 7560 2 0
99760 8400 2 0
99760 9240 2 0
99760 10080 2 0
99760 10920 2 0
99760 11760 2 0
99760 12600 2 0
99760 13440 2 0
99760 14280 2 0
99760 15120 2 0
99760 15960 2 0
99760 16800 2 0
99760 17640 2 0
99760 18480 2 0
99760 19320 2 0
99760 20160 2 0
99760 21000 2 0
99760 21840 2 0
99760 22680 2 0
99760 23520 2 0
99760 24360 2 0
99760 25200 2 0
99760 26040 2 0
99760 26880 2 0
99760 27720 2 0
99760 28560 2 0
99760 29400 2 0
99760 30240 2 0
99760 31080 2 0
99760 31920 2 0
99760 32760 2 0
99760 33600 2 0
100620 0 2 0
100620 840 2 0
100620 1680 2 0
100620 2520 2 0
100620 3360 2 0
100620 4200 2 0
100620 5040 2 0
100620 5880 2 0
100620 6720 2 0
100620 7560 2 0
100620 8400 2 0
100620 9240 2 0
100620 10080 2 0
100620 10920 2 0
100620 11760 2 0
100620 12600 2 0
100620 13440 2 0
100620 14280 2 0
100620 15120 2 0
100620 15960 2 0
100620 16800 2 0
100620 17640 2 0
100620 18480 2 0
100620 19320 2 0
100620 20160 2 0
100620 21000 2 0
100620 21840 2 0
100620 22680 2 0
100620 23520 2 0
100620 24360 2 0
100620 25200 2 0
100620 26040 2 0
100620 26880 2 0
100620 27720 2 0
100620 28560 2 0
100620 29400 2 0
100620 30240 2 0
100620 31080 2 0
100620 31920 2 0
100620 32760 2 0
100620 33600 2 0
101480 0 2 0
101480 840 2 0
101480 1680 2 0
101480 2520 2 0
101480 3360 2 0
101480 4200 2 0
101480 5040 2 0
101480 5880 2 0
101480 6720 2 0
101480 7560 2 0
101480 8400 2 0
101480 9240 2 0
101480 10080 2 0
101480 10920 2 0
101480 11760 2 0
101480 12600 2 0
101480 13440 2 0
101480 14280 2 0
101480 15120 2 0
101480 15960 2 0
101480 16800 2 0
101480 17640 2 0
101480 18480 2 0
101480 19320 2 0
101480 20160 2 0
101480 21000 2 0
101480 21840 2 0
101480 22680 2 0
101480 23520 2 0
101480 24360 2 0
101480 25200 2 0
101480 26040 2 0
101480 26880 2 0
101480 27720 2 0
101480 28560 2 0
101480 29400 2 0
101480 30240 2 0
101480 31080 2 0
101480 31920 2 0
101480 32760 2 0
101480 33600 2 0
102340 0 2 0
102340 840 2 0
102340 1680 2 0
102340 2520 2 0
102340 3360 2 0
102340 4200 2 0
102340 5040 2 0
102340 5880 2 0
102340 6720 2 0
102340 7560 2 0
102340 8400 2 0
102340 9240 2 0
102340 10080 2 0
102340 10920 2 0
102340 11760 2 0
102340 12600 2 0
102340 13440 2 0
102340 14280 2 0
102340 15120 2 0
102340 15960 2 0
102340 16800 2 0
102340 17640 2 0
102340 18480 2 0
102340 19320 2 0
102340 20160 2 0
102340 21000 2 0
102340 21840 2 0
102340 22680 2 0
102340 23520 2 0
102340 24360 2 0
102340 25200 2 0
102340 26040 2 0
102340 26880 2 0
102340 27720 2 0
102340 28560 2 0
102340 29400 2 0
102340 30240 2 0
102340 31080 2 0
102340 31920 2 0
102340 32760 2 0
102340 33600 2 0
103200 0 2 0
103200 840 2 0
103200 1680 2 0
103200 2520 2 0
103200 3360 2 0
103200 4200 2 0
103200 5040 2 0
103200 5880 2 0
103200 6720 2 0
103200 7560 2 0
103200 8400 2 0
103200 9240 2 0
103200 10080 2 0
103200 10920 2 0
103200 11760 2 0
103200 12600 2 0
103200 13440 2 0
103200 14280 2 0
103200 15120 2 0
103200 15960 2 0
103200 16800 2 0
103200 17640 2 0
103200 18480 2 0
103200 19320 2 0
103200 20160 2 0
103200 21000 2 0
103200 21840 2 0
103200 22680 2 0
103200 23520 2 0
103200 24360 2 0
103200 25200 2 0
103200 26040 2 0
103200 26880 2 0
103200 27720 2 0
103200 28560 2 0
103200 29400 2 0
103200 30240 2 0
103200 31080 2 0
103200 31920 2 0
103200 32760 2 0
103200 33600 2 0
17200 0 3 0
17760 0 3 0
18060 0 3 0
18920 0 3 0
19780 0 3 0
20640 0 3 0
20720 0 3 0
21500 0 3 0
22360 0 3 0
23220 0 3 0
23680 0 3 0
24080 0 3 0
24940 0 3 0
25800 0 3 0
26640 0 3 0
26660 0 3 0
27520 0 3 0
28380 0 3 0
29240 0 3 0
29600 0 3 0
30100 0 3 0
30960 0 3 0
31820 0 3 0
32560 0 3 0
32680 0 3 0
33540 0 3 0
34400 0 3 0
35260 0 3 0
35520 0 3 0
36120 0 3 0
36980 0 3 0
37840 0 3 0
38480 0 3 0
38700 0 3 0
39560 0 3 0
40420 0 3 0
41280 0 3 0
41440 0 3 0
42140 0 3 0
43000 0 3 0
43860 0 3 0
44400 0 3 0
44720 0 3 0
45580 0 3 0
46440 0 3 0
47300 0 3 0
47360 0 3 0
48160 0 3 0
49020 0 3 0
49880 0 3 0
50320 0 3 0
50740 0 3 0
51600 0 3 0
52460 0 3 0
53280 0 3 0
53320 0 3 0
54180 0 3 0
55040 0 3 0
55900 0 3 0
56240 0 3 0
56760 0 3 0
57620 0 3 0
58480 0 3 0
59200 0 3 0
59340 0 3 0
60200 0 3 0
61060 0 3 0
61920 0 3 0
62160 0 3 0
62780 0 3 0
63640 0 3 0
64500 0 3 0
65120 0 3 0
65360 0 3 0
66220 0 3 0
67080 0 3 0
67940 0 3 0
68080 0 3 0
68800 0 3 0
69660 0 3 0
70520 0 3 0
71040 0 3 0
71380 0 3 0
72240 0 3 0
73100 0 3 0
73960 0 3 0
74000 0 3 0
74820 0 3 0
75680 0 3 0
76540 0 3 0
76960 0 3 0
77400 0 3 0
78260 0 3 0
79120 0 3 0
79920 0 3 0
79980 0 3 0
80840 0 3 0
81700 0 3 0
82560 0 3 0
82880 0 3 0
83420 0 3 0
84280 0 3 0
85140 0 3 0
85840 0 3 0
86000 0 3 0
86860 0 3 0
87720 0 3 0
88580 0 3 0
88800 0 3 0
89440 0 3 0
90300 0 3 0
91160 0 3 0
91760 0 3 0
92020 0 3 0
92880 0 3 0
93740 0 3 0
94600 0 3 0
94720 0 3 0
95460 0 3 0
96320 0 3 0
97180 0 3 0
97680 0 3 0
98040 0 3 0
98900 0 3 0
99760 0 3 0
100620 0 3 0
100640 0 3 0
101480 0 3 0
102340 0 3 0
103200 0 3 0
17200 2520 3 0
17760 2520 3 0
18060 2520 3 0
18920 2520 3 0
19780 2520 3 0
20640 2520 3 0
20720 2520 3 0
21500 2520 3 0
22360 2520 3 0
23220 2520 3 0
23680 2520 3 0
24080 2520 3 0
24940 2520 3 0
25800 2520 3 0
26640 2520 3 0
26660 2520 3 0
27520 2520 3 0
28380 2520 3 0
29240 2520 3 0
29600 2520 3 0
30100 2520 3 0
30960 2520 3 0
31820 2520 3 0
32560 2520 3 0
32680 2520 3 0
33540 2520 3 0
34400 2520 3 0
35260 2520 3 0
35520 2520 3 0
36120 2520 3 0
36980 2520 3 0
37840 2520 3 0
38480 2520 3 0
38700 2520 3 0
39560 2520 3 0
40420 2520 3 0
41280 2520 3 0
41440 2520 3 0
42140 2520 3 0
43000 2520 3 0
43860 2520 3 0
44400 2520 3 0
44720 2520 3 0
45580 2520 3 0
46440 2520 3 0
47300 2520 3 0
47360 2520 3 0
48160 2520 3 0
49020 2520 3 0
49880 2520 3 0
50320 2520 3 0
50740 2520 3 0
51600 2520 3 0
52460 2520 3 0
53280 2520 3 0
53320 2520 3 0
54180 2520 3 0
55040 2520 3 0
55900 2520 3 0
56240 2520 3 0
56760 2520 3 0
57620 2520 3 0
58480 2520 3 0
59200 2520 3 0
59340 2520 3 0
60200 2520 3 0
61060 2520 3 0
61920 2520 3 0
62160 2520 3 0
62780 2520 3 0
63640 2520 3 0
64500 2520 3 0
65120 2520 3 0
65360 2520 3 0
66220 2520 3 0
67080 2520 3 0
67940 2520 3 0
68080 2520 3 0
68800 2520 3 0
69660 2520 3 0
70520 2520 3 0
71040 2520 3 0
71380 2520 3 0
72240 2520 3 0
73100 2520 3 0
73960 2520 3 0
74000 2520 3 0
74820 2520 3 0
75680 2520 3 0
76540 2520 3 0
76960 2520 3 0
77400 2520 3 0
78260 2520 3 0
79120 2520 3 0
79920 2520 3 0
79980 2520 3 0
80840 2520 3 0
81700 2520 3 0
82560 2520 3 0
82880 2520 3 0
83420 2520 3 0
84280 2520 3 0
85140 2520 3 0
85840 2520 3 0
86000 2520 3 0
86860 2520 3 0
87720 2520 3 0
88580 2520 3 0
88800 2520 3 0
89440 2520 3 0
90300 2520 3 0
91160 2520 3 0
91760 2520 3 0
92020 2520 3 0
92880 2520 3 0
93740 2520 3 0
94600 2520 3 0
94720 2520 3 0
95460 2520 3 0
96320 2520 3 0
97180 2520 3 0
97680 2520 3 0
98040 2520 3 0
98900 2520 3 0
99760 2520 3 0
100620 2520 3 0
100640 2520 3 0
101480 2520 3 0
102340 2520 3 0
103200 2520 3 0
17200 5040 3 0
17760 5040 3 0
18060 5040 3 0
18920 5040 3 0
19780 5040 3 0
20640 5040 3 0
20720 5040 3 0
21500 5040 3 0
22360 5040 3 0
23220 5040 3 0
23680 5040 3 0
24080 5040 3 0
24940 5040 3 0
25800 5040 3 0
26640 5040 3 0
26660 5040 3 0
27520 5040 3 0
28380 5040 3 0
29240 5040 3 0
29600 5040 3 0
30100 5040 3 0
30960 5040 3 0
31820 5040 3 0
32560 5040 3 0
32680 5040 3 0
33540 5040 3 0
34400 5040 3 0
35260 5040 3 0
35520 5040 3 0
36120 5040 3 0
36980 5040 3 0
37840 5040 3 0
38480 5040 3 0
38700 5040 3 0
39560 5040 3 0
40420 5040 3 0
41280 5040 3 0
41440 5040 3 0
42140 5040 3 0
43000 5040 3 0
43860 5040 3 0
44400 5040 3 0
44720 5040 3 0
45580 5040 3 0
46440 5040 3 0
47300 5040 3 0
47360 5040 3 0
48160 5040 3 0
49020 5040 3 0
49880 5040 3 0
50320 5040 3 0
50740 5040 3 0
51600 5040 3 0
52460 5040 3 0
53280 5040 3 0
53320 5040 3 0
54180 5040 3 0
55040 5040 3 0
55900 5040 3 0
56240 5040 3 0
56760 5040 3 0
57620 5040 3 0
58480 5040 3 0
59200 5040 3 0
59340 5040 3 0
60200 5040 3 0
61060 5040 3 0
61920 5040 3 0
62160 5040 3 0
62780 5040 3 0
63640 5040 3 0
64500 5040 3 0
65120 5040 3 0
65360 5040 3 0
66220 5040 3 0
67080 5040 3 0
67940 5040 3 0
68080 5040 3 0
68800 5040 3 0
69660 5040 3 0
70520 5040 3 0
71040 5040 3 0
71380 5040 3 0
72240 5040 3 0
73100 5040 3 0
73960 5040 3 0
74000 5040 3 0
74820 5040 3 0
75680 5040 3 0
76540 5040 3 0
76960 5040 3 0
77400 5040 3 0
78260 5040 3 0
79120 5040 3 0
79920 5040 3 0
79980 5040 3 0
80840 5040 3 0
81700 5040 3 0
82560 5040 3 0
82880 5040 3 0
83420 5040 3 0
84280 5040 3 0
85140 5040 3 0
85840 5040 3 0
86000 5040 3 0
86860 5040 3 0
87720 5040 3 0
88580 5040 3 0
88800 5040 3 0
89440 5040 3 0
90300 5040 3 0
91160 5040 3 0
91760 5040 3 0
92020 5040 3 0
92880 5040 3 0
93740 5040 3 0
94600 5040 3 0
94720 5040 3 0
95460 5040 3 0
96320 5040 3 0
97180 5040 3 0
97680 5040 3 0
98040 5040 3 0
98900 5040 3 0
99760 5040 3 0
100620 5040 3 0
100640 5040 3 0
101480 5040 3 0
102340 5040 3 0
103200 5040 3 0
17200 7560 3 0
17760 7560 3 0
18060 7560 3 0
18920 7560 3 0
19780 7560 3 0
20640 7560 3 0
20720 7560 3 0
21500 7560 3 0
22360 7560 3 0
23220 7560 3 0
23680 7560 3 0
24080 7560 3 0
24940 7560 3 0
25800 7560 3 0
26640 7560 3 0
26660 7560 3 0
27520 7560 3 0
28380 7560 3 0
29240 7560 3 0
29600 7560 3 0
30100 7560 3 0
30960 7560 3 0
31820 7560 3 0
32560 7560 3 0
32680 7560 3 0
33540 7560 3 0
34400 7560 3 0
35260 7560 3 0
35520 7560 3 0
36120 7560 3 0
36980 7560 3 0
37840 7560 3 0
38480 7560 3 0
38700 7560 3 0
39560 7560 3 0
40420 7560 3 0
41280 7560 3 0
41440 7560 3 0
42140 7560 3 0
43000 7560 3 0
43860 7560 3 0
44400 7560 3 0
44720 7560 3 0
45580 7560 3 0
46440 7560 3 0
47300 7560 3 0
47360 7560 3 0
48160 7560 3 0
49020 7560 3 0
49880 7560 3 0
50320 7560 3 0
50740 7560 3 0
51600 7560 3 0
52460 7560 3 0
53280 7560 3 0
53320 7560 3 0
54180 7560 3 0
55040 7560 3 0
55900 7560 3 0
56240 7560 3 0
56760 7560 3 0
57620 7560 3 0
58480 7560 3 0
59200 7560 3 0
59340 7560 3 0
60200 7560 3 0
61060 7560 3 0
61920 7560 3 0
62160 7560 3 0
62780 7560 3 0
63640 7560 3 0
64500 7560 3 0
65120 7560 3 0
65360 7560 3 0
66220 7560 3 0
67080 7560 3 0
67940 7560 3 0
68080 7560 3 0
68800 7560 3 0
69660 7560 3 0
70520 7560 3 0
71040 7560 3 0
71380 7560 3 0
72240 7560 3 0
73100 7560 3 0
73960 7560 3 0
74000 7560 3 0
74820 7560 3 0
75680 7560 3 0
76540 7560 3 0
76960 7560 3 0
77400 7560 3 0
78260 7560 3 0
79120 7560 3 0
79920 7560 3 0
79980 7560 3 0
80840 7560 3 0
81700 7560 3 0
82560 7560 3 0
82880 7560 3 0
83420 7560 3 0
84280 7560 3 0
85140 7560 3 0
85840 7560 3 0
86000 7560 3 0
86860 7560 3 0
87720 7560 3 0
88580 7560 3 0
88800 7560 3 0
89440 7560 3 0
90300 7560 3 0
91160 7560 3 0
91760 7560 3 0
92020 7560 3 0
92880 7560 3 0
93740 7560 3 0
94600 7560 3 0
94720 7560 3 0
95460 7560 3 0
96320 7560 3 0
97180 7560 3 0
97680 7560 3 0
98040 7560 3 0
98900 7560 3 0
99760 7560 3 0
100620 7560 3 0
100640 7560 3 0
101480 7560 3 0
102340 7560 3 0
103200 7560 3 0
17200 10080 3 0
17760 10080 3 0
18060 10080 3 0
18920 10080 3 0
19780 10080 3 0
20640 10080 3 0
20720 10080 3 0
21500 10080 3 0
22360 10080 3 0
23220 10080 3 0
23680 10080 3 0
24080 10080 3 0
24940 10080 3 0
25800 10080 3 0
26640 10080 3 0
26660 10080 3 0
27520 10080 3 0
28380 10080 3 0
29240 10080 3 0
29600 10080 3 0
30100 10080 3 0
30960 10080 3 0
31820 10080 3 0
32560 10080 3 0
32680 10080 3 0
33540 10080 3 0
34400 10080 3 0
35260 10080 3 0
35520 10080 3 0
36120 10080 3 0
36980 10080 3 0
37840 10080 3 0
38480 10080 3 0
38700 10080 3 0
39560 10080 3 0
40420 10080 3 0
41280 10080 3 0
41440 10080 3 0
42140 10080 3 0
43000 10080 3 0
43860 10080 3 0
44400 10080 3 0
44720 10080 3 0
45580 10080 3 0
46440 10080 3 0
47300 10080 3 0
47360 10080 3 0
48160 10080 3 0
49020 10080 3 0
49880 10080 3 0
50320 10080 3 0
50740 10080 3 0
51600 10080 3 0
52460 10080 3 0
53280 10080 3 0
53320 10080 3 0
54180 10080 3 0
55040 10080 3 0
55900 10080 3 0
56240 10080 3 0
56760 10080 3 0
57620 10080 3 0
58480 10080 3 0
59200 10080 3 0
59340 10080 3 0
60200 10080 3 0
61060 10080 3 0
61920 10080 3 0
62160 10080 3 0
62780 10080 3 0
63640 10080 3 0
64500 10080 3 0
65120 10080 3 0
65360 10080 3 0
66220 10080 3 0
67080 10080 3 0
67940 10080 3 0
68080 10080 3 0
68800 10080 3 0
69660 10080 3 0
70520 10080 3 0
71040 10080 3 0
71380 10080 3 0
72240 10080 3 0
73100 10080 3 0
73960 10080 3 0
74000 10080 3 0
74820 10080 3 0
75680 10080 3 0
76540 10080 3 0
76960 10080 3 0
77400 10080 3 0
78260 10080 3 0
79120 10080 3 0
79920 10080 3 0
79980 10080 3 0
80840 10080 3 0
81700 10080 3 0
82560 10080 3 0
82880 10080 3 0
83420 10080 3 0
84280 10080 3 0
85140 10080 3 0
85840 10080 3 0
86000 10080 3 0
86860 10080 3 0
87720 10080 3 0
88580 10080 3 0
88800 10080 3 0
89440 10080 3 0
90300 10080 3 0
91160 10080 3 0
91760 10080 3 0
92020 10080 3 0
92880 10080 3 0
93740 10080 3 0
94600 10080 3 0
94720 10080 3 0
95460 10080 3 0
96320 10080 3 0
97180 10080 3 0
97680 10080 3 0
98040 10080 3 0
98900 10080 3 0
99760 10080 3 0
100620 10080 3 0
100640 10080 3 0
101480 10080 3 0
102340 10080 3 0
103200 10080 3 0
17200 12600 3 0
17760 12600 3 0
18060 12600 3 0
18920 12600 3 0
19780 12600 3 0
20640 12600 3 0
20720 12600 3 0
21500 12600 3 0
22360 12600 3 0
23220 12600 3 0
23680 12600 3 0
24080 12600 3 0
24940 12600 3 0
25800 12600 3 0
26640 12600 3 0
26660 12600 3 0
27520 12600 3 0
28380 12600 3 0
29240 12600 3 0
29600 12600 3 0
30100 12600 3 0
30960 12600 3 0
31820 12600 3 0
32560 12600 3 0
32680 12600 3 0
33540 12600 3 0
34400 12600 3 0
35260 12600 3 0
35520 12600 3 0
36120 12600 3 0
36980 12600 3 0
37840 12600 3 0
38480 12600 3 0
38700 12600 3 0
39560 12600 3 0
40420 12600 3 0
41280 12600 3 0
41440 12600 3 0
42140 12600 3 0
43000 12600 3 0
43860 12600 3 0
44400 12600 3 0
44720 12600 3 0
45580 12600 3 0
46440 12600 3 0
47300 12600 3 0
47360 12600 3 0
48160 12600 3 0
49020 12600 3 0
49880 12600 3 0
50320 12600 3 0
50740 12600 3 0
51600 12600 3 0
52460 12600 3 0
53280 12600 3 0
53320 12600 3 0
54180 12600 3 0
55040 12600 3 0
55900 12600 3 0
56240 12600 3 0
56760 12600 3 0
57620 12600 3 0
58480 12600 3 0
59200 12600 3 0
59340 12600 3 0
60200 12600 3 0
61060 12600 3 0
61920 12600 3 0
62160 12600 3 0
62780 12600 3 0
63640 12600 3 0
64500 12600 3 0
65120 12600 3 0
65360 12600 3 0
66220 12600 3 0
67080 12600 3 0
67940 12600 3 0
68080 12600 3 0
68800 12600 3 0
69660 12600 3 0
70520 12600 3 0
71040 12600 3 0
71380 12600 3 0
72240 12600 3 0
73100 12600 3 0
73960 12600 3 0
74000 12600 3 0
74820 12600 3 0
75680 12600 3 0
76540 12600 3 0
76960 12600 3 0
77400 12600 3 0
78260 12600 3 0
79120 12600 3 0
79920 12600 3 0
79980 12600 3 0
80840 12600 3 0
81700 12600 3 0
82560 12600 3 0
82880 12600 3 0
83420 12600 3 0
84280 12600 3 0
85140 12600 3 0
85840 12600 3 0
86000 12600 3 0
86860 12600 3 0
87720 12600 3 0
88580 12600 3 0
88800 12600 3 0
89440 12600 3 0
90300 12600 3 0
91160 12600 3 0
91760 12600 3 0
92020 12600 3 0
92880 12600 3 0
93740 12600 3 0
94600 12600 3 0
94720 12600 3 0
95460 12600 3 0
96320 12600 3 0
97180 12600 3 0
97680 12600 3 0
98040 12600 3 0
98900 12600 3 0
99760 12600 3 0
100620 12600 3 0
100640 12600 3 0
101480 12600 3 0
102340 12600 3 0
103200 12600 3 0
17200 15120 3 0
17760 15120 3 0
18060 15120 3 0
18920 15120 3 0
19780 15120 3 0
20640 15120 3 0
20720 15120 3 0
21500 15120 3 0
22360 15120 3 0
23220 15120 3 0
23680 15120 3 0
24080 15120 3 0
24940 15120 3 0
25800 15120 3 0
26640 15120 3 0
26660 15120 3 0
27520 15120 3 0
28380 15120 3 0
29240 15120 3 0
29600 15120 3 0
30100 15120 3 0
30960 15120 3 0
31820 15120 3 0
32560 15120 3 0
32680 15120 3 0
33540 15120 3 0
34400 15120 3 0
35260 15120 3 0
35520 15120 3 0
36120 15120 3 0
36980 15120 3 0
37840 15120 3 0
38480 15120 3 0
38700 15120 3 0
39560 15120 3 0
40420 15120 3 0
41280 15120 3 0
41440 15120 3 0
42140 15120 3 0
43000 15120 3 0
43860 15120 3 0
44400 15120 3 0
44720 15120 3 0
45580 15120 3 0
46440 15120 3 0
47300 15120 3 0
47360 15120 3 0
48160 15120 3 0
49020 15120 3 0
49880 15120 3 0
50320 15120 3 0
50740 15120 3 0
51600 15120 3 0
52460 15120 3 0
53280 15120 3 0
53320 15120 3 0
54180 15120 3 0
55040 15120 3 0
55900 15120 3 0
56240 15120 3 0
56760 15120 3 0
57620 15120 3 0
58480 15120 3 0
59200 15120 3 0
59340 15120 3 0
60200 15120 3 0
61060 15120 3 0
61920 15120 3 0
62160 15120 3 0
62780 15120 3 0
63640 15120 3 0
64500 15120 3 0
65120 15120 3 0
65360 15120 3 0
66220 15120 3 0
67080 15120 3 0
67940 15120 3 0
68080 15120 3 0
68800 15120 3 0
69660 15120 3 0
70520 15120 3 0
71040 15120 3 0
71380 15120 3 0
72240 15120 3 0
73100 15120 3 0
73960 15120 3 0
74000 15120 3 0
74820 15120 3 0
75680 15120 3 0
76540 15120 3 0
76960 15120 3 0
77400 15120 3 0
78260 15120 3 0
79120 15120 3 0
79920 15120 3 0
79980 15120 3 0
80840 15120 3 0
81700 15120 3 0
82560 15120 3 0
82880 15120 3 0
83420 15120 3 0
84280 15120 3 0
85140 15120 3 0
85840 15120 3 0
86000 15120 3 0
86860 15120 3 0
87720 15120 3 0
88580 15120 3 0
88800 15120 3 0
89440 15120 3 0
90300 15120 3 0
91160 15120 3 0
91760 15120 3 0
92020 15120 3 0
92880 15120 3 0
93740 15120 3 0
94600 15120 3 0
94720 15120 3 0
95460 15120 3 0
96320 15120 3 0
97180 15120 3 0
97680 15120 3 0
98040 15120 3 0
98900 15120 3 0
99760 15120 3 0
100620 15120 3 0
100640 15120 3 0
101480 15120 3 0
102340 15120 3 0
103200 15120 3 0
17200 17640 3 0
17760 17640 3 0
18060 17640 3 0
18920 17640 3 0
19780 17640 3 0
20640 17640 3 0
20720 17640 3 0
21500 17640 3 0
22360 17640 3 0
23220 17640 3 0
23680 17640 3 0
24080 17640 3 0
24940 17640 3 0
25800 17640 3 0
26640 17640 3 0
26660 17640 3 0
27520 17640 3 0
28380 17640 3 0
29240 17640 3 0
29600 17640 3 0
30100 17640 3 0
30960 17640 3 0
31820 17640 3 0
32560 17640 3 0
32680 17640 3 0
33540 17640 3 0
34400 17640 3 0
17200 20160 3 0
17760 20160 3 0
18060 20160 3 0
18920 20160 3 0
19780 20160 3 0
20640 20160 3 0
20720 20160 3 0
21500 20160 3 0
22360 20160 3 0
23220 20160 3 0
23680 20160 3 0
24080 20160 3 0
24940 20160 3 0
25800 20160 3 0
26640 20160 3 0
26660 20160 3 0
27520 20160 3 0
28380 20160 3 0
29240 20160 3 0
29600 20160 3 0
30100 20160 3 0
30960 20160 3 0
31820 20160 3 0
32560 20160 3 0
32680 20160 3 0
33540 20160 3 0
34400 20160 3 0
17200 25200 3 0
17760 25200 3 0
18060 25200 3 0
18920 25200 3 0
19780 25200 3 0
20640 25200 3 0
20720 25200 3 0
21500 25200 3 0
22360 25200 3 0
23220 25200 3 0
23680 25200 3 0
24080 25200 3 0
24940 25200 3 0
25800 25200 3 0
26640 25200 3 0
26660 25200 3 0
27520 25200 3 0
28380 25200 3 0
29240 25200 3 0
29600 25200 3 0
30100 25200 3 0
30960 25200 3 0
31820 25200 3 0
32560 25200 3 0
32680 25200 3 0
33540 25200 3 0
34400 25200 3 0
17200 27720 3 0
17760 27720 3 0
18060 27720 3 0
18920 27720 3 0
19780 27720 3 0
20640 27720 3 0
20720 27720 3 0
21500 27720 3 0
22360 27720 3 0
23220 27720 3 0
23680 27720 3 0
24080 27720 3 0
24940 27720 3 0
25800 27720 3 0
26640 27720 3 0
26660 27720 3 0
27520 27720 3 0
28380 27720 3 0
29240 27720 3 0
29600 27720 3 0
30100 27720 3 0
30960 27720 3 0
31820 27720 3 0
32560 27720 3 0
32680 27720 3 0
33540 27720 3 0
34400 27720 3 0
17200 30240 3 0
17760 30240 3 0
18060 30240 3 0
18920 30240 3 0
19780 30240 3 0
20640 30240 3 0
20720 30240 3 0
21500 30240 3 0
22360 30240 3 0
23220 30240 3 0
23680 30240 3 0
24080 30240 3 0
24940 30240 3 0
25800 30240 3 0
26640 30240 3 0
26660 30240 3 0
27520 30240 3 0
28380 30240 3 0
29240 30240 3 0
29600 30240 3 0
30100 30240 3 0
30960 30240 3 0
31820 30240 3 0
32560 30240 3 0
32680 30240 3 0
33540 30240 3 0
34400 30240 3 0
86000 17640 3 0
86860 17640 3 0
87720 17640 3 0
88580 17640 3 0
88800 17640 3 0
89440 17640 3 0
90300 17640 3 0
91160 17640 3 0
91760 17640 3 0
92020 17640 3 0
92880 17640 3 0
93740 17640 3 0
94600 17640 3 0
94720 17640 3 0
95460 17640 3 0
96320 17640 3 0
97180 17640 3 0
97680 17640 3 0
98040 17640 3 0
98900 17640 3 0
99760 17640 3 0
100620 17640 3 0
100640 17640 3 0
101480 17640 3 0
102340 17640 3 0
103200 17640 3 0
86000 20160 3 0
86860 20160 3 0
87720 20160 3 0
88580 20160 3 0
88800 20160 3 0
89440 20160 3 0
90300 20160 3 0
91160 20160 3 0
91760 20160 3 0
92020 20160 3 0
92880 20160 3 0
93740 20160 3 0
94600 20160 3 0
94720 20160 3 0
95460 20160 3 0
96320 20160 3 0
97180 20160 3 0
97680 20160 3 0
98040 20160 3 0
98900 20160 3 0
99760 20160 3 0
100620 20160 3 0
100640 20160 3 0
101480 20160 3 0
102340 20160 3 0
103200 20160 3 0
86000 25200 3 0
86860 25200 3 0
87720 25200 3 0
88580 25200 3 0
88800 25200 3 0
89440 25200 3 0
90300 25200 3 0
91160 25200 3 0
91760 25200 3 0
92020 25200 3 0
92880 25200 3 0
93740 25200 3 0
94600 25200 3 0
94720 25200 3 0
95460 25200 3 0
96320 25200 3 0
97180 25200 3 0
97680 25200 3 0
98040 25200 3 0
98900 25200 3 0
99760 25200 3 0
100620 25200 3 0
100640 25200 3 0
101480 25200 3 0
102340 25200 3 0
103200 25200 3 0
86000 27720 3 0
86860 27720 3 0
87720 27720 3 0
88580 27720 3 0
88800 27720 3 0
89440 27720 3 0
90300 27720 3 0
91160 27720 3 0
91760 27720 3 0
92020 27720 3 0
92880 27720 3 0
93740 27720 3 0
94600 27720 3 0
94720 27720 3 0
95460 27720 3 0
96320 27720 3 0
97180 27720 3 0
97680 27720 3 0
98040 27720 3 0
98900 27720 3 0
99760 27720 3 0
100620 27720 3 0
100640 27720 3 0
101480 27720 3 0
102340 27720 3 0
103200 27720 3 0
86000 30240 3 0
86860 30240 3 0
87720 30240 3 0
88580 30240 3 0
88800 30240 3 0
89440 30240 3 0
90300 30240 3 0
91160 30240 3 0
91760 30240 3 0
92020 30240 3 0
92880 30240 3 0
93740 30240 3 0
94600 30240 3 0
94720 30240 3 0
95460 30240 3 0
96320 30240 3 0
97180 30240 3 0
97680 30240 3 0
98040 30240 3 0
98900 30240 3 0
99760 30240 3 0
100620 30240 3 0
100640 30240 3 0
101480 30240 3 0
102340 30240 3 0
103200 30240 3 0
17760 0 4 0
17760 2520 4 0
17760 5040 4 0
17760 7560 4 0
17760 10080 4 0
17760 11200 4 0
17760 12600 4 0
17760 15120 4 0
17760 17640 4 0
17760 20160 4 0
17760 22400 4 0
17760 22680 4 0
17760 25200 4 0
17760 27720 4 0
17760 30240 4 0
17760 32760 4 0
17760 33600 4 0
20720 0 4 0
20720 2520 4 0
20720 5040 4 0
20720 7560 4 0
20720 10080 4 0
20720 11200 4 0
20720 12600 4 0
20720 15120 4 0
20720 17640 4 0
20720 20160 4 0
20720 22400 4 0
20720 22680 4 0
20720 25200 4 0
20720 27720 4 0
20720 30240 4 0
20720 32760 4 0
20720 33600 4 0
23680 0 4 0
23680 2520 4 0
23680 5040 4 0
23680 7560 4 0
23680 10080 4 0
23680 11200 4 0
23680 12600 4 0
23680 15120 4 0
23680 17640 4 0
23680 20160 4 0
23680 22400 4 0
23680 22680 4 0
23680 25200 4 0
23680 27720 4 0
23680 30240 4 0
23680 32760 4 0
23680 33600 4 0
26640 0 4 0
26640 2520 4 0
26640 5040 4 0
26640 7560 4 0
26640 10080 4 0
26640 11200 4 0
26640 12600 4 0
26640 15120 4 0
26640 17640 4 0
26640 20160 4 0
26640 22400 4 0
26640 22680 4 0
26640 25200 4 0
26640 27720 4 0
26640 30240 4 0
26640 32760 4 0
26640 33600 4 0
29600 0 4 0
29600 2520 4 0
29600 5040 4 0
29600 7560 4 0
29600 10080 4 0
29600 11200 4 0
29600 12600 4 0
29600 15120 4 0
29600 17640 4 0
29600 20160 4 0
29600 22400 4 0
29600 22680 4 0
29600 25200 4 0
29600 27720 4 0
29600 30240 4 0
29600 32760 4 0
29600 33600 4 0
32560 0 4 0
32560 2520 4 0
32560 5040 4 0
32560 7560 4 0
32560 10080 4 0
32560 11200 4 0
32560 12600 4 0
32560 15120 4 0
32560 17640 4 0
32560 20160 4 0
32560 22400 4 0
32560 22680 4 0
32560 25200 4 0
32560 27720 4 0
32560 30240 4 0
32560 32760 4 0
32560 33600 4 0
88800 0 4 0
88800 2520 4 0
88800 5040 4 0
88800 7560 4 0
88800 10080 4 0
88800 11200 4 0
88800 12600 4 0
88800 15120 4 0
88800 17640 4 0
88800 20160 4 0
88800 22400 4 0
88800 22680 4 0
88800 25200 4 0
88800 27720 4 0
88800 30240 4 0
88800 32760 4 0
88800 33600 4 0
91760 0 4 0
91760 2520 4 0
91760 5040 4 0
91760 7560 4 0
91760 10080 4 0
91760 11200 4 0
91760 12600 4 0
91760 15120 4 0
91760 17640 4 0
91760 20160 4 0
91760 22400 4 0
91760 22680 4 0
91760 25200 4 0
91760 27720 4 0
91760 30240 4 0
91760 32760 4 0
91760 33600 4 0
94720 0 4 0
94720 2520 4 0
94720 5040 4 0
94720 7560 4 0
94720 10080 4 0
94720 11200 4 0
94720 12600 4 0
94720 15120 4 0
94720 17640 4 0
94720 20160 4 0
94720 22400 4 0
94720 22680 4 0
94720 25200 4 0
94720 27720 4 0
94720 30240 4 0
94720 32760 4 0
94720 33600 4 0
97680 0 4 0
97680 2520 4 0
97680 5040 4 0
97680 7560 4 0
97680 10080 4 0
97680 11200 4 0
97680 12600 4 0
97680 15120 4 0
97680 17640 4 0
97680 20160 4 0
97680 22400 4 0
97680 22680 4 0
97680 25200 4 0
97680 27720 4 0
97680 30240 4 0
97680 32760 4 0
97680 33600 4 0
100640 0 4 0
100640 2520 4 0
100640 5040 4 0
100640 7560 4 0
100640 10080 4 0
100640 11200 4 0
100640 12600 4 0
100640 15120 4 0
100640 17640 4 0
100640 20160 4 0
100640 22400 4 0
100640 22680 4 0
100640 25200 4 0
100640 27720 4 0
100640 30240 4 0
100640 32760 4 0
100640 33600 4 0
